193 262 311 361 187 294 327 346 240 281 247 221 307 235 184 333
202 356 343 397 200 344 397 403 250 323 277 325 307 297 169 361
201 301 226 326 174 219 322 234 215 287 237 273 282 280 148 213
142 252 267 169 97 223 236 256 139 221 173 236 219 137 79 210
285 453 385 411 212 378 482 395 248 368 341 374 402 332 225 339
283 451 424 447 241 441 444 438 345 328 303 411 328 377 219 409
295 467 470 433 227 422 487 419 279 407 350 435 453 329 241 372
262 371 344 407 200 376 413 383 273 380 314 309 367 307 246 322
205 375 309 360 213 303 383 337 250 328 256 322 326 295 173 295
212 299 259 274 151 242 307 208 244 276 267 271 283 253 191 265
223 301 342 346 178 294 347 299 241 310 283 263 372 298 215 313
235 268 300 342 155 308 284 263 233 164 234 249 258 239 216 307
308 372 411 396 211 353 408 363 241 334 359 346 404 306 248 335
298 325 357 408 203 367 342 356 309 257 306 323 351 258 183 328
198 309 303 285 180 263 328 327 217 292 220 250 282 244 160 249
355 447 443 455 215 436 451 471 309 363 362 434 380 342 156 359
