21 0 15 0 0 21 0 0 0 0 0 0 0 0 0 0
0 0 0 0 0 0 0 0 0 21 0 0 35 0 0 0
0 0 0 0 0 0 0 0 0 0 0 0 0 0 0 0
0 0 0 0 0 0 0 0 0 0 0 0 0 0 0 0
0 48 0 0 0 0 35 21 27 15 0 0 0 0 0 0
21 21 15 0 0 21 0 49 63 0 0 0 0 0 0 0
30 0 0 0 0 0 42 14 18 0 0 0 0 0 0 0
45 0 0 0 0 0 63 0 0 0 0 0 0 0 0 0
0 0 0 0 0 0 35 0 0 0 0 0 0 0 0 0
0 0 36 0 0 0 18 0 0 0 0 0 0 0 45 0
0 8 0 0 0 0 0 0 0 0 0 0 0 0 0 0
0 63 0 0 0 0 0 0 0 50 0 0 25 0 0 0
0 0 8 0 0 0 4 0 0 0 0 0 0 0 10 0
0 0 0 0 0 0 0 0 0 0 0 0 0 0 0 0
0 0 6 0 0 0 0 0 0 0 0 0 0 0 0 0
0 0 9 0 0 0 0 0 0 0 0 6 0 0 0 0
