256 335 276 332 306 220 319 325 253 285 335 301 319 285 211 333
273 348 205 296 284 173 322 334 260 256 282 252 274 282 160 324
210 380 365 349 327 244 392 385 337 267 422 326 390 334 262 318
214 381 235 299 269 231 289 267 346 272 297 334 323 279 246 314
250 345 240 342 391 166 320 316 272 304 297 285 385 299 256 374
242 453 263 405 291 156 353 325 338 308 384 411 380 386 243 381
225 349 267 345 317 219 324 331 301 325 301 310 302 294 211 325
357 503 304 453 395 284 451 421 394 356 424 418 480 418 290 447
233 329 146 263 245 137 258 201 234 232 234 251 269 284 154 291
179 282 257 308 261 197 352 290 301 239 286 305 338 230 246 223
210 328 237 271 215 210 318 286 269 221 290 262 253 238 172 247
270 475 341 429 390 243 412 385 459 424 376 477 439 388 324 416
283 415 357 421 325 255 474 441 355 372 436 386 400 396 228 369
227 344 202 354 193 128 372 271 352 302 304 400 356 345 193 293
237 392 246 331 312 215 287 364 354 275 329 310 360 293 266 408
251 408 330 330 328 259 393 424 334 330 402 316 383 376 226 371
