0 0 0 45 0 0 0 0 0 0 0 0 0 0 0 81
0 0 0 0 0 0 0 0 0 0 0 0 0 0 0 0
0 48 0 0 0 0 36 0 0 0 0 0 0 0 0 0
6 0 0 0 0 0 0 24 0 0 6 24 0 0 0 0
0 0 0 0 0 0 28 0 0 0 0 0 0 0 0 0
0 0 0 20 0 0 0 0 56 0 0 0 0 0 0 36
0 0 0 0 0 0 0 0 21 0 0 0 0 0 0 0
72 0 0 0 0 0 28 0 18 0 0 0 0 0 0 0
0 56 0 0 0 0 0 0 0 0 0 35 0 0 0 0
0 64 0 0 0 0 0 0 0 0 0 40 0 0 0 0
0 0 0 40 0 0 0 0 0 0 0 0 0 0 0 72
0 0 0 0 0 0 0 0 0 0 0 0 0 0 0 0
0 0 0 0 0 0 0 0 0 0 0 0 0 0 0 0
8 8 0 0 0 0 51 62 0 0 0 32 0 0 10 0
0 0 0 0 0 0 0 0 0 0 0 0 0 0 0 0
0 24 0 0 0 0 18 0 0 0 0 0 0 0 0 0
