393 374 380 289 299 347 213 313 320 360 379 405 322 299 185 342
244 197 355 289 243 368 155 321 369 274 236 310 323 330 199 264
290 267 319 175 288 287 174 224 266 235 303 292 256 238 182 238
315 207 400 308 271 316 187 317 330 299 266 336 321 313 134 253
384 305 438 311 359 441 223 460 373 354 375 377 360 432 213 360
312 270 421 287 385 387 212 332 366 317 351 390 330 304 217 353
364 290 410 313 335 383 203 386 345 369 378 387 330 362 167 321
299 276 372 250 275 363 167 352 342 350 312 315 278 323 154 250
318 282 421 314 349 352 184 289 409 369 357 404 356 344 175 277
342 275 470 304 336 436 243 407 420 337 341 472 386 408 233 292
312 261 417 338 390 364 216 347 405 338 387 392 346 324 247 354
354 338 436 222 341 416 235 342 328 357 353 414 356 324 219 250
397 300 470 250 356 381 202 340 347 352 360 389 384 350 211 312
282 248 346 250 225 272 131 217 305 273 281 346 295 213 156 286
272 238 367 215 270 356 191 250 327 261 256 338 286 284 178 235
296 299 431 346 325 379 206 274 415 378 307 396 402 373 188 318
