0 0 0 0 0 30 0 0 0 0 0 0 0 20 0 15
0 0 0 0 0 0 0 0 0 0 0 0 0 24 0 0
0 0 0 0 0 0 0 0 0 0 0 0 0 0 0 0
0 0 0 72 0 0 0 0 0 45 0 0 0 0 0 0
0 0 0 0 0 0 4 0 0 0 0 0 0 15 0 0
0 0 15 0 0 0 0 0 0 0 0 0 0 0 18 0
0 0 0 0 0 0 0 0 0 0 0 0 0 0 0 0
0 0 0 0 0 0 0 0 0 0 0 0 0 0 0 0
0 0 0 0 0 0 0 0 35 0 0 0 0 0 0 0
0 0 4 0 0 0 0 0 0 0 0 0 0 0 0 3
0 0 0 0 0 0 0 0 0 0 0 0 0 0 0 0
0 0 0 0 0 0 8 0 0 0 0 0 0 0 0 0
0 0 0 0 0 0 2 0 0 3 0 0 0 0 0 0
0 0 0 32 0 0 0 0 0 20 0 0 0 0 0 0
0 0 0 0 72 0 0 0 0 0 0 0 0 15 0 0
0 0 0 0 14 0 0 24 10 0 0 24 0 18 0 0
