0 16 0 0 48 0 0 0 0 0 54 0 0 0 37 0 0 16 0 0 20 0 44 81 0 45 24 48 12 68 0 0 0 0 0 30 0 0 44 32 24 0 0 0 0 0 4 0 36 0 0 0 0 0 0 0 0 42 0 0 24 0 32 12
18 60 0 21 0 0 0 0 0 14 0 0 4 16 20 0 0 0 0 1 0 0 0 0 0 0 6 0 9 0 0 0 6 12 0 0 0 14 0 4 0 0 0 0 0 0 1 0 2 0 4 0 14 0 0 0 4 0 8 0 0 10 0 0
32 81 28 0 49 0 0 9 0 56 0 0 81 36 0 45 0 0 18 121 32 0 0 0 9 0 0 0 0 27 0 48 36 63 81 0 35 0 0 12 49 81 0 0 0 0 36 0 0 0 63 0 72 0 74 0 63 14 55 0 0 72 0 48
27 48 4 0 31 0 16 0 0 80 21 0 32 0 0 0 24 0 76 64 0 0 0 0 0 0 0 24 0 15 56 0 0 48 0 60 59 0 20 72 19 0 0 0 0 0 0 32 16 0 17 0 56 0 6 0 0 2 57 8 68 81 0 45
0 72 6 1 12 0 48 0 11 0 18 0 0 0 30 0 30 0 0 0 0 0 0 2 2 30 0 48 0 9 0 0 0 40 18 0 0 0 0 3 0 0 3 9 0 0 0 30 0 0 2 32 0 0 0 20 0 14 0 40 12 0 10 0
0 36 0 0 48 0 0 0 0 27 18 0 0 28 8 35 27 0 104 85 0 0 0 56 7 0 64 10 9 0 0 0 0 0 0 0 0 4 91 60 0 0 0 64 0 0 37 24 81 40 8 0 88 0 54 0 0 72 25 6 24 0 0 0
48 110 40 0 8 0 76 0 0 4 0 0 8 8 6 0 0 0 18 0 0 0 0 0 0 40 6 0 0 20 8 12 48 8 0 0 0 0 0 0 54 0 0 0 0 0 21 0 0 0 0 0 0 64 16 15 2 0 0 15 0 0 2 6
16 12 0 0 1 0 0 39 8 57 0 0 0 20 48 3 0 0 15 0 0 0 9 0 0 0 0 12 0 0 0 24 10 0 3 0 0 0 37 20 40 25 0 15 0 0 3 40 33 0 20 0 38 0 16 20 0 0 35 8 0 7 9 0
0 0 36 40 12 0 0 0 0 0 0 0 4 0 0 4 0 0 0 0 0 0 0 8 0 0 0 68 0 36 4 0 16 0 16 0 8 39 0 0 0 57 24 0 0 16 28 0 0 0 42 0 0 0 32 28 16 0 0 36 0 24 0 4
0 12 0 0 6 0 4 45 30 9 0 0 0 20 0 5 0 0 15 0 0 0 0 0 0 10 0 0 0 0 0 0 10 12 0 0 0 0 5 18 40 25 0 40 0 0 0 8 4 0 20 0 14 0 0 20 0 0 3 0 0 0 10 0
0 0 0 18 0 66 0 6 36 0 0 42 0 0 8 0 0 0 0 12 0 0 0 0 0 0 0 0 27 0 0 0 72 0 81 0 0 0 0 8 0 72 0 0 0 0 0 48 0 0 8 0 0 0 0 0 0 0 26 0 24 0 30 0
6 7 45 1 19 0 28 0 2 0 9 0 0 49 0 5 0 8 0 0 0 0 0 0 0 0 0 15 0 47 0 0 0 0 0 0 0 42 0 0 0 6 0 0 0 0 35 0 0 0 0 0 7 7 0 0 0 0 4 45 0 30 0 0
57 44 63 29 51 0 48 0 10 21 45 0 0 61 24 69 12 106 0 0 0 0 0 0 0 0 0 21 48 73 48 2 16 18 0 10 0 55 0 6 54 30 0 0 0 6 49 0 0 0 6 12 35 83 14 0 16 14 20 63 16 57 0 0
0 0 72 0 24 25 0 0 0 28 16 35 0 24 0 38 0 0 12 42 0 0 0 0 6 0 32 24 16 96 0 0 0 0 0 0 42 0 0 0 0 0 0 0 0 0 80 40 0 0 0 0 0 0 0 0 0 24 0 72 0 104 25 16
6 7 29 4 1 30 9 0 29 18 42 42 1 1 15 0 0 0 45 0 0 0 0 0 8 5 0 48 0 101 1 30 6 20 0 30 12 0 0 12 24 0 12 36 0 0 63 48 0 0 0 0 0 8 40 50 5 0 0 42 27 16 35 15
44 0 0 0 15 0 3 0 0 0 3 0 0 6 0 0 9 0 0 0 0 0 0 19 0 0 35 0 0 0 0 36 0 0 0 0 0 0 5 6 0 0 0 32 0 0 0 0 15 37 0 0 2 0 0 0 0 9 0 54 45 30 0 0
0 0 0 24 0 28 63 0 28 0 0 0 9 0 26 0 0 24 0 0 0 0 0 0 18 0 0 45 39 0 36 0 56 0 126 0 0 99 0 0 0 137 0 0 0 99 15 0 0 0 0 0 16 0 72 63 90 54 0 0 0 0 0 9
0 0 0 0 1 30 0 6 8 0 12 42 0 4 4 8 3 0 2 37 24 0 9 0 1 0 0 0 0 0 0 0 0 0 3 0 18 0 0 0 0 0 0 0 0 0 4 48 6 0 4 15 2 0 0 0 0 0 8 8 12 7 39 36
8 0 54 9 24 0 44 6 63 0 36 32 54 8 30 42 74 0 0 0 32 0 0 32 22 30 24 10 0 81 0 44 76 36 18 30 0 6 0 27 28 10 27 87 0 32 0 30 0 20 8 0 18 0 50 8 84 40 14 24 40 8 36 0
15 0 18 0 6 0 28 0 7 12 24 5 8 0 18 50 5 48 54 2 0 0 0 0 0 0 63 6 72 96 48 56 12 24 0 25 0 2 0 0 36 6 0 0 0 0 16 0 4 0 12 12 12 48 48 35 6 36 41 51 46 17 6 67
0 137 0 0 18 0 12 29 12 0 28 0 81 4 42 2 7 56 36 0 0 0 0 0 0 4 9 0 0 0 63 0 38 36 63 0 42 0 20 42 8 5 0 13 0 0 54 0 57 0 4 35 42 0 0 14 63 42 0 6 0 0 4 0
0 0 24 4 14 0 55 14 28 0 28 0 0 35 0 64 49 0 0 0 0 0 0 0 8 35 0 0 45 36 0 0 56 0 0 35 42 30 0 12 14 0 12 36 0 21 0 0 0 0 0 35 0 0 49 0 35 0 0 0 0 0 0 0
72 92 0 0 69 0 65 0 0 0 9 0 0 60 0 0 0 0 0 0 0 0 0 49 0 0 56 48 0 0 0 0 0 0 0 0 0 43 55 42 0 21 0 56 0 0 5 0 90 35 42 32 14 0 0 0 0 63 0 121 0 63 0 0
12 0 28 0 145 0 108 0 9 56 0 0 0 8 0 0 3 104 0 15 52 0 40 0 0 0 9 0 0 0 0 20 0 0 0 20 35 22 56 0 105 18 0 0 0 0 0 0 0 0 99 0 0 0 42 45 0 70 20 9 106 66 64 38
81 27 0 97 0 0 0 18 0 63 0 0 0 100 92 56 0 0 14 85 0 0 0 0 7 49 0 0 108 0 0 0 0 54 0 0 0 63 0 42 0 0 0 0 0 0 28 0 0 0 18 0 40 0 0 0 18 0 30 0 0 45 0 0
0 0 0 0 45 0 0 12 0 2 86 0 0 0 3 0 0 20 9 24 25 0 25 8 0 0 0 16 0 17 0 6 0 20 0 10 0 0 35 16 8 0 0 0 0 0 0 0 0 0 8 0 0 0 8 0 1 56 20 3 8 0 81 3
0 0 32 20 56 40 0 0 0 64 0 56 8 0 5 0 24 0 58 40 0 0 0 4 0 0 0 28 6 0 14 0 8 0 0 0 44 0 0 0 56 0 12 0 0 0 0 64 0 0 79 0 48 0 84 0 0 16 10 2 29 72 40 0
32 0 18 3 8 0 41 12 33 0 0 9 0 28 0 65 24 0 14 49 0 0 0 0 19 4 0 15 0 27 0 48 32 0 0 20 0 9 0 9 8 0 9 37 0 33 28 0 0 0 0 0 72 0 60 0 38 12 40 0 0 0 4 0
0 0 0 0 6 0 15 0 0 81 36 12 0 0 0 21 18 0 45 30 24 0 0 0 0 0 0 0 0 0 0 0 24 0 0 15 0 0 45 36 18 0 0 36 0 9 0 72 36 0 0 0 0 24 21 0 15 0 27 42 0 0 0 36
45 0 42 7 30 0 0 0 49 8 0 0 0 0 0 21 0 0 0 0 0 0 0 62 14 49 40 0 63 63 0 0 0 0 0 0 12 0 25 51 0 0 21 157 0 0 0 0 0 97 0 0 10 0 0 0 0 45 0 0 0 16 0 0
6 0 0 0 10 0 28 0 7 72 48 16 0 0 27 24 25 0 48 0 0 0 0 18 0 91 0 0 72 0 0 0 0 30 15 10 0 4 40 32 16 0 20 84 0 0 0 89 48 0 0 0 0 32 0 35 0 0 34 56 57 0 28 10
18 63 0 0 5 0 0 0 40 0 0 0 0 0 0 21 0 0 0 0 0 0 45 0 0 14 7 0 18 0 0 0 0 0 15 30 0 0 0 0 0 0 0 0 0 0 0 0 30 0 0 0 10 0 0 0 0 0 30 40 0 35 45 30
16 0 86 9 98 0 36 12 75 64 0 0 45 4 0 2 0 36 0 0 0 0 0 35 18 4 40 0 0 81 0 28 20 0 0 0 40 15 25 57 84 0 62 194 0 0 0 0 0 25 72 0 46 0 64 0 35 89 20 0 95 72 53 0
80 0 0 0 21 0 13 0 0 0 43 0 24 14 0 0 39 0 75 76 0 0 0 0 0 0 0 20 7 1 42 36 0 0 0 0 0 8 0 0 9 0 0 0 0 0 0 0 35 0 6 0 110 0 66 0 0 0 30 81 42 49 0 0
81 0 27 0 30 0 7 0 0 28 35 0 0 14 0 91 0 64 0 0 0 0 0 15 0 56 56 9 164 69 64 0 0 0 0 0 42 0 0 0 48 0 0 30 0 0 21 0 35 40 0 16 0 64 0 0 0 42 0 90 0 123 0 28
56 0 0 0 21 0 7 24 0 0 19 0 0 14 0 0 3 0 0 36 0 0 0 0 0 0 0 0 0 0 0 0 0 0 0 0 18 0 0 24 0 0 0 0 0 0 0 0 35 0 0 15 0 0 0 0 0 0 30 63 0 49 0 0
133 105 117 6 75 0 118 27 12 0 137 4 17 17 0 8 0 84 0 54 0 0 0 9 10 45 0 49 0 84 17 4 54 18 32 45 0 92 0 36 28 108 25 45 0 67 56 0 10 0 9 0 42 114 64 56 62 111 114 90 77 62 80 53
0 0 0 0 0 0 0 0 0 0 81 72 0 0 0 0 0 0 0 0 72 0 0 72 0 0 0 0 0 0 0 0 0 0 0 0 0 0 0 0 0 0 0 0 0 0 0 0 0 45 0 0 0 0 0 0 0 72 9 0 0 0 81 0
60 46 32 4 72 0 73 0 8 96 36 0 0 0 36 0 0 80 0 0 0 3 0 0 14 0 2 35 0 12 54 54 0 0 54 0 88 21 0 0 92 24 0 0 0 49 30 0 9 0 72 0 109 28 84 0 42 81 61 0 9 136 2 9
0 45 0 14 0 28 0 0 28 0 0 0 0 0 0 72 8 72 0 0 0 12 0 0 0 0 24 0 93 15 72 32 56 35 108 0 0 2 0 0 54 101 10 18 0 0 0 0 36 0 0 18 0 72 0 0 0 4 0 24 94 13 22 36
6 0 0 0 14 0 35 0 0 0 0 0 0 0 3 49 42 0 0 0 0 15 0 27 0 15 0 0 0 0 0 0 56 0 0 45 0 0 0 0 14 0 0 0 0 21 0 0 45 0 0 0 0 0 49 0 35 5 10 0 45 0 10 55
0 48 0 45 24 0 16 28 0 14 63 56 0 0 56 0 0 0 48 0 56 0 0 65 0 0 0 77 0 0 0 0 18 48 0 0 9 0 0 56 0 0 27 0 0 0 0 0 16 35 0 0 56 0 0 0 0 56 7 0 0 0 63 0
0 0 0 0 29 0 0 0 121 0 54 48 0 97 56 35 0 0 8 28 48 36 93 48 4 0 0 0 0 40 0 0 0 0 15 54 0 0 81 64 0 81 0 0 0 0 16 0 30 30 0 0 10 0 0 0 0 105 6 40 63 35 99 0
0 129 0 0 24 0 52 12 12 0 0 0 0 0 0 2 0 0 48 0 0 0 0 0 0 4 0 54 0 0 0 0 0 48 0 0 0 0 0 56 0 0 0 10 0 0 0 0 16 0 0 36 56 0 0 0 0 0 0 45 0 0 4 0
10 0 24 35 42 35 90 18 0 48 117 49 24 63 0 21 9 0 0 6 0 0 0 13 0 49 0 94 63 9 0 0 50 0 0 0 91 72 0 0 123 0 21 12 0 0 6 56 12 16 54 45 36 0 36 0 0 12 48 27 0 54 35 0
8 0 0 0 0 0 0 0 0 0 0 0 4 0 0 0 0 0 0 1 0 0 0 0 0 0 0 0 0 0 0 12 6 0 0 0 0 0 0 0 0 0 0 0 0 0 1 0 2 0 0 0 24 0 8 0 0 0 18 0 0 0 0 0
35 0 37 0 55 0 36 0 9 58 0 0 0 0 52 1 0 56 9 0 0 0 6 21 0 0 0 3 0 21 63 6 0 4 63 0 35 6 0 8 49 0 30 96 0 0 42 0 0 56 63 0 0 0 50 45 1 62 0 12 81 69 43 3
48 81 0 0 66 0 6 0 0 0 6 0 0 12 15 0 0 0 0 0 0 0 12 58 0 5 56 0 0 37 0 0 0 63 81 0 0 0 35 58 0 81 0 56 0 0 0 0 30 35 0 0 14 0 0 0 0 75 0 54 0 51 0 0
0 72 0 30 6 0 75 54 35 8 0 0 0 14 12 26 18 0 36 48 0 0 0 6 0 10 0 90 0 28 0 24 36 16 0 15 6 12 0 32 6 0 18 25 0 9 0 0 0 0 0 32 0 0 53 25 19 0 40 52 15 0 14 12
0 0 0 0 18 0 0 0 0 0 20 0 0 0 0 18 0 8 0 0 10 0 10 0 0 42 40 0 74 30 0 0 0 0 0 0 0 0 14 0 0 0 0 0 0 0 0 0 0 0 0 0 0 0 0 0 0 30 0 0 0 0 16 20
83 37 0 28 64 0 133 0 92 21 52 4 0 152 113 40 21 167 85 84 0 36 30 0 8 0 0 0 7 42 81 7 0 18 81 54 0 38 81 46 134 105 15 39 0 0 77 0 32 0 6 0 84 36 42 15 6 142 16 50 155 43 21 0
12 8 0 0 0 0 0 21 18 20 49 0 28 18 0 0 0 0 0 49 0 8 0 0 0 0 0 56 0 35 0 0 42 0 0 67 30 0 26 28 28 18 0 0 0 0 9 0 32 0 0 0 42 0 0 0 0 2 111 0 42 40 0 20
15 81 0 40 0 0 0 0 0 54 0 8 0 0 0 0 0 0 18 0 0 0 0 8 0 0 0 56 0 27 0 0 16 63 81 25 8 0 30 24 0 81 24 0 0 0 0 48 0 0 0 0 0 0 0 0 0 0 43 0 0 9 0 25
0 36 0 4 8 8 21 0 110 8 72 0 0 54 17 18 5 0 36 0 0 24 54 8 6 5 0 15 6 40 0 24 16 66 75 36 0 9 54 0 0 106 0 0 0 21 0 5 36 0 8 0 12 0 32 0 22 74 0 60 42 46 98 12
0 63 0 0 4 0 22 0 18 0 0 0 0 39 18 41 12 24 0 0 0 8 0 0 0 63 0 0 81 21 27 0 16 49 90 22 0 18 18 0 4 81 0 0 0 6 15 0 0 0 0 0 0 0 14 0 10 20 0 0 14 7 0 0
0 54 0 0 0 0 0 21 0 0 0 0 0 0 0 0 0 0 0 42 0 0 0 0 0 0 0 0 0 18 0 0 0 42 54 0 0 7 0 28 0 54 35 63 0 0 0 0 0 0 0 0 0 0 0 0 0 0 35 0 63 6 49 0
0 16 0 0 0 0 0 0 0 0 0 0 0 0 0 0 0 0 0 0 0 15 0 0 0 0 0 0 0 0 0 0 0 0 0 0 0 0 16 0 0 0 0 0 0 0 53 0 81 0 0 0 0 0 0 35 0 5 0 21 45 0 10 45
0 27 54 5 36 0 0 0 0 0 0 0 0 0 46 6 21 0 63 28 0 0 36 0 0 0 0 18 16 93 0 0 0 21 27 0 0 0 0 48 0 27 0 0 0 0 84 0 0 0 0 0 64 0 42 30 0 36 0 72 0 39 0 0
0 6 0 10 3 20 2 36 20 18 0 0 0 0 72 0 0 0 6 0 0 0 0 0 0 0 0 18 15 0 0 0 40 6 45 0 0 0 0 7 0 40 0 0 0 0 0 0 2 0 0 0 7 0 0 0 0 0 0 0 0 0 0 0
57 0 48 28 42 0 0 42 98 0 35 0 4 0 3 7 0 0 0 41 32 0 0 53 16 14 56 68 0 97 0 54 14 0 0 60 4 0 35 66 20 0 36 163 0 0 1 0 2 35 3 0 101 0 36 0 0 63 94 0 29 0 14 83
12 14 22 0 23 0 10 0 0 51 54 48 2 2 24 0 0 32 9 0 48 0 0 48 0 10 0 0 0 0 38 0 12 0 36 0 15 0 15 12 21 0 0 0 0 0 20 24 0 30 27 0 0 16 18 0 0 78 15 0 0 27 54 0
0 0 0 0 0 0 0 0 0 36 4 0 28 24 0 30 0 0 24 49 0 0 0 0 6 0 8 0 4 6 0 0 42 0 0 0 0 0 20 16 0 0 0 0 0 0 31 32 14 0 0 0 42 0 0 0 0 6 68 0 0 0 0 4
42 49 53 3 40 0 35 0 37 0 0 0 39 7 74 6 25 0 0 8 0 0 60 0 6 60 0 0 0 62 7 0 90 30 21 0 0 0 0 65 0 0 9 27 0 0 8 25 28 0 0 0 52 56 0 0 0 42 64 16 0 14 18 0
36 78 30 0 27 0 64 18 0 0 36 0 7 6 0 0 9 0 30 59 4 0 0 31 0 30 8 0 0 4 7 0 36 30 4 0 54 8 5 41 36 9 30 8 0 4 0 0 10 5 0 45 79 48 8 7 4 9 0 0 0 0 0 7
