1154 1031 1310 1060 1215 1263 1076 1068 1063 1279 1163 1082 1084 1262 1212 1274 1115 1148 915 1327 1162 1352 1172 1164 995 1197 1156 1319 1097 1301 1198 1068 1156 1145 885 1147 1468 1297 1198 1077 1387 1015 1153 1157 1000 1257 1172 1263 1108 1385 1213 1171 1464 1221 1424 1280 1229 1131 1006 1128 1042 1198 1331 1200
1493 1202 1395 1110 1333 1423 1182 1354 1267 1304 1283 1148 1225 1226 1298 1297 1218 1366 1329 1519 1264 1402 1282 1452 1135 1281 1282 1324 1236 1349 1497 1169 1240 1489 1038 1164 1427 1454 1303 1241 1406 1121 1368 1442 1416 1402 1209 1342 1323 1406 1274 1143 1557 1355 1482 1348 1267 1200 1216 1406 1307 1582 1466 1251
1640 1158 1448 1183 1387 1665 1324 1409 1146 1437 1350 1112 1299 1523 1314 1475 1357 1419 1380 1553 1382 1505 1391 1492 1153 1268 1400 1325 1231 1460 1556 1229 1299 1413 1132 1409 1397 1504 1417 1363 1485 1288 1473 1352 1324 1464 1263 1443 1557 1473 1441 1271 1661 1357 1510 1554 1297 1401 1265 1435 1283 1557 1418 1441
1535 1025 1305 1192 1294 1459 1149 1276 1035 1314 1271 1138 1234 1498 1311 1314 1288 1257 1274 1620 1296 1452 1320 1451 1039 1295 1247 1435 1076 1428 1344 1225 1185 1386 1110 1314 1333 1461 1369 1294 1459 1188 1332 1491 1273 1234 1220 1368 1392 1313 1479 1092 1557 1204 1405 1405 1205 1199 1144 1275 1180 1237 1340 1327
1336 1075 1320 1086 1302 1216 1117 1222 1119 1324 1212 1201 1305 1462 1244 1304 1242 1207 1143 1556 1363 1340 1219 1325 1074 1224 1206 1285 1150 1445 1413 1036 1152 1332 1102 1139 1336 1482 1478 1264 1302 1182 1248 1389 1286 1302 1193 1236 1325 1281 1510 1173 1590 1252 1317 1359 1369 1211 1136 1165 1271 1290 1375 1338
1542 1204 1465 1241 1404 1518 1314 1225 1372 1464 1322 1229 1352 1534 1483 1446 1493 1216 1256 1625 1471 1586 1342 1418 1271 1237 1413 1491 1267 1696 1587 1347 1323 1419 1141 1470 1546 1537 1472 1408 1573 1225 1482 1488 1271 1328 1289 1487 1526 1459 1439 1283 1698 1449 1583 1467 1414 1400 1378 1392 1229 1481 1398 1428
1273 1103 1249 1106 1078 1301 1214 1336 1023 1287 1347 1169 1183 1385 1361 1145 1277 1309 1106 1394 1346 1419 1206 1451 1022 1241 1363 1303 1171 1224 1326 1186 1197 1254 1051 1228 1333 1367 1346 1232 1405 1207 1234 1333 1084 1340 1114 1315 1362 1454 1489 1054 1515 1322 1371 1398 1360 1158 1190 1370 1151 1324 1315 1308
1418 1142 1312 1173 1131 1414 1086 1232 1069 1285 1343 1106 1125 1298 1293 1140 1253 1268 1072 1430 1184 1442 1183 1326 1041 1299 1399 1364 1120 1386 1365 1216 1182 1334 1125 1242 1402 1316 1347 1189 1380 1035 1228 1216 1247 1309 1261 1317 1306 1349 1378 1020 1445 1351 1456 1302 1276 1172 1150 1331 1035 1353 1298 1153
1473 1142 1343 1105 1240 1423 1163 1348 1110 1387 1436 1038 1297 1454 1292 1314 1269 1398 1311 1376 1281 1504 1274 1439 1234 1328 1338 1456 1200 1458 1466 1258 1213 1395 1285 1187 1421 1426 1287 1453 1387 1203 1377 1412 1393 1384 1307 1239 1429 1233 1437 1163 1528 1328 1409 1462 1420 1310 1292 1509 1348 1479 1457 1303
1303 1131 1438 999 1203 1441 1307 1160 1165 1281 1322 1229 1219 1296 1144 1312 1326 1254 1166 1626 1267 1374 1222 1329 1102 1174 1387 1251 1299 1380 1398 1228 1101 1223 1097 1206 1226 1417 1369 1235 1201 1260 1271 1304 1268 1305 1090 1273 1347 1297 1377 1199 1519 1114 1300 1330 1223 1201 1234 1295 1173 1396 1235 1158
1431 1070 1268 1165 1196 1377 1216 1220 1079 1254 1328 1121 1199 1357 1331 1319 1239 1247 1101 1406 1243 1459 1228 1357 1196 1088 1266 1383 1179 1364 1386 1336 1249 1257 1118 1221 1443 1412 1218 1281 1473 1162 1169 1293 1070 1405 1231 1387 1263 1292 1409 1113 1479 1308 1453 1402 1251 1285 1171 1370 1173 1399 1425 1232
1691 1183 1321 1194 1301 1512 1192 1312 1099 1466 1437 1417 1310 1405 1294 1343 1408 1359 1265 1528 1482 1435 1300 1512 1251 1308 1472 1350 1237 1501 1503 1451 1249 1465 1154 1352 1397 1433 1416 1428 1495 1246 1421 1503 1350 1317 1242 1355 1472 1345 1436 1226 1552 1374 1344 1417 1286 1207 1248 1357 1300 1380 1407 1371
1277 979 1394 1288 1264 1301 1265 1234 1171 1350 1347 1175 1205 1481 1433 1336 1332 1339 1198 1553 1303 1431 1330 1335 1135 1399 1360 1411 1219 1399 1348 1252 1303 1349 1173 1271 1452 1504 1498 1268 1418 1245 1293 1401 1224 1447 1238 1435 1387 1280 1360 1110 1613 1375 1477 1392 1358 1195 1295 1362 1145 1371 1364 1214
1151 898 1175 968 984 1226 939 964 933 1097 1095 1113 978 1292 1098 1135 1028 1062 1048 1168 1104 1214 1017 1138 914 1071 1138 1045 1028 1224 1255 1121 1135 1043 961 1047 1122 1220 1107 1069 1217 1057 1134 1121 981 1154 1092 1087 1200 1165 1067 977 1309 1017 1080 1150 997 970 1069 1201 1044 1119 1023 1120
1458 1145 1522 1202 1302 1492 1237 1346 1123 1482 1435 1104 1340 1460 1416 1314 1345 1481 1077 1562 1170 1567 1355 1555 1188 1333 1417 1399 1278 1464 1532 1251 1414 1353 1258 1354 1361 1638 1332 1393 1449 1192 1331 1455 1242 1593 1411 1361 1474 1357 1505 1239 1578 1420 1509 1520 1512 1330 1331 1530 1317 1464 1489 1361
1354 1107 1250 970 1184 1275 1001 1134 1032 1230 1273 1055 1141 1073 1233 1184 1142 1136 1120 1336 1289 1255 1194 1377 1027 1195 1247 1270 1074 1273 1249 1206 1242 1239 994 1161 1255 1277 1121 1239 1345 1050 1187 1335 1082 1146 1132 1077 1260 1119 1333 1056 1284 1275 1247 1207 1291 1089 1154 1226 1182 1268 1320 1251
1228 996 1268 1149 1153 1270 1042 1099 991 1258 1372 1124 1124 1371 1335 1265 1329 1142 1168 1531 1204 1345 1278 1253 1093 1193 1408 1253 1167 1270 1309 1214 1230 1183 1077 1331 1347 1347 1340 1201 1316 1120 1165 1410 1202 1232 1116 1212 1328 1298 1310 1095 1490 1234 1319 1363 1109 1215 1233 1354 1197 1329 1216 1228
1351 1160 1432 982 1195 1110 1157 1207 1133 1290 1316 1081 1191 1259 1272 1128 1208 1201 1070 1430 1269 1499 1086 1283 1064 1284 1351 1395 1094 1304 1328 1147 1169 1194 1016 1136 1404 1318 1383 1147 1383 1086 1308 1298 1158 1297 1176 1334 1173 1293 1295 1082 1418 1258 1434 1314 1385 1288 1120 1299 1175 1412 1339 1216
1449 1109 1450 1166 1352 1480 1333 1303 1275 1442 1484 1310 1233 1277 1439 1445 1445 1320 1315 1558 1363 1609 1272 1464 1215 1272 1422 1510 1348 1400 1456 1332 1317 1277 1088 1330 1513 1444 1458 1301 1597 1280 1364 1438 1147 1415 1181 1431 1481 1463 1528 1235 1602 1474 1574 1508 1345 1336 1368 1468 1215 1414 1453 1384
1471 1143 1582 1226 1428 1437 1305 1420 1265 1457 1430 1152 1380 1439 1454 1397 1440 1407 1209 1693 1335 1506 1410 1395 1237 1381 1394 1397 1307 1387 1495 1293 1316 1502 1161 1337 1459 1528 1372 1393 1463 1301 1329 1498 1386 1539 1371 1397 1407 1521 1457 1312 1678 1406 1475 1499 1381 1188 1270 1456 1295 1586 1433 1371
1424 1152 1385 1095 1242 1440 1340 1227 1110 1428 1329 1266 1278 1438 1359 1323 1184 1305 1088 1521 1329 1544 1313 1421 1244 1301 1362 1272 1329 1412 1413 1240 1344 1397 1072 1222 1419 1457 1376 1243 1542 1183 1243 1340 1267 1413 1172 1319 1325 1414 1538 1199 1552 1294 1498 1406 1368 1330 1285 1373 1300 1446 1293 1362
1331 1217 1285 1008 1076 1290 1070 1166 1049 1184 1204 1115 1011 1206 1237 1146 1094 1247 1047 1307 1171 1330 1138 1261 878 1217 1145 1212 932 1331 1250 1160 1160 1118 908 1191 1301 1313 1226 1059 1308 1079 1205 1162 1044 1220 1073 1338 1161 1256 1265 936 1335 1123 1378 1257 1313 1193 1247 1221 1075 1281 1186 1152
1499 1255 1549 1183 1324 1544 1317 1470 1233 1421 1318 1204 1347 1430 1328 1364 1398 1532 1257 1576 1376 1580 1280 1522 1194 1419 1540 1464 1200 1519 1620 1395 1297 1462 1144 1406 1536 1560 1430 1360 1530 1175 1407 1390 1261 1395 1359 1509 1528 1469 1398 1219 1699 1495 1526 1480 1342 1286 1278 1461 1262 1460 1479 1261
1365 943 1307 1138 1107 1303 1090 1112 1108 1298 1280 1068 1081 1266 1172 1206 1224 1130 1177 1439 1194 1334 1096 1261 966 1085 1240 1268 1058 1365 1328 1069 1228 1293 1012 1190 1301 1272 1230 1187 1353 1089 1292 1232 1070 1146 1174 1183 1239 1225 1280 1108 1383 1238 1169 1272 1189 1153 1039 1287 1127 1320 1176 1118
1679 1257 1494 1453 1486 1575 1474 1431 1299 1641 1551 1388 1281 1611 1623 1530 1510 1515 1406 1754 1599 1679 1523 1546 1251 1560 1427 1601 1392 1698 1629 1482 1477 1604 1185 1525 1663 1621 1561 1412 1768 1404 1570 1634 1342 1580 1506 1586 1606 1581 1612 1266 1760 1573 1634 1641 1577 1475 1446 1500 1344 1656 1633 1460
1319 1125 1335 1099 1283 1417 1338 1252 1107 1421 1393 1147 1253 1436 1376 1359 1356 1304 1068 1454 1400 1563 1219 1432 1196 1267 1386 1261 1230 1412 1523 1263 1308 1224 1192 1255 1524 1414 1350 1337 1455 1254 1220 1324 1213 1357 1248 1435 1494 1385 1417 1312 1533 1404 1411 1310 1302 1329 1259 1330 1214 1440 1432 1271
1330 1098 1523 1188 1373 1421 1320 1289 1201 1417 1343 1295 1334 1405 1446 1381 1393 1377 1190 1688 1312 1710 1281 1455 1138 1430 1313 1404 1327 1420 1456 1324 1260 1390 1226 1272 1447 1466 1413 1272 1450 1262 1348 1439 1212 1566 1171 1422 1443 1437 1511 1220 1656 1319 1378 1318 1402 1209 1133 1436 1228 1422 1438 1297
1424 1145 1411 1031 1200 1320 1188 1250 1162 1218 1252 1048 1343 1184 1234 1165 1152 1240 1080 1400 1218 1403 1264 1176 1105 1229 1320 1272 1212 1364 1502 1249 1086 1329 1081 1206 1201 1283 1180 1105 1414 1046 1232 1264 1149 1274 1158 1155 1391 1327 1288 1151 1460 1319 1342 1329 1300 1112 1092 1386 1051 1571 1231 1134
1489 1208 1541 1163 1353 1481 1339 1353 1331 1318 1394 1210 1384 1368 1414 1424 1313 1376 1182 1532 1378 1569 1289 1516 1125 1328 1489 1569 1276 1410 1552 1318 1339 1385 1127 1194 1542 1563 1584 1397 1506 1246 1356 1468 1223 1445 1233 1488 1423 1464 1596 1193 1646 1407 1527 1468 1406 1249 1283 1502 1222 1562 1458 1382
1353 1115 1245 1005 1144 1385 1130 1163 970 1294 1355 1098 1201 1258 1190 1269 1257 1225 1171 1405 1167 1486 1137 1277 1060 1206 1214 1207 1086 1349 1339 1280 1178 1290 1196 1158 1212 1355 1232 1315 1294 1169 1196 1364 1149 1254 1204 1239 1346 1113 1247 1056 1385 1119 1177 1266 1096 1242 1154 1299 1240 1293 1272 1175
1681 1272 1505 1203 1348 1523 1351 1417 1216 1397 1515 1394 1379 1442 1526 1402 1537 1373 1343 1687 1433 1536 1367 1491 1278 1309 1485 1509 1281 1606 1632 1485 1212 1444 1216 1373 1577 1471 1349 1338 1544 1344 1424 1555 1342 1530 1434 1301 1512 1478 1450 1333 1543 1441 1483 1436 1407 1332 1297 1413 1410 1615 1481 1512
1370 1151 1394 1115 1227 1372 1227 1282 1126 1318 1185 1233 1265 1390 1303 1355 1181 1301 1123 1423 1352 1456 1358 1375 1094 1338 1311 1326 1163 1321 1328 1276 1189 1317 875 1354 1361 1384 1391 1172 1398 1173 1274 1226 1146 1339 1172 1301 1298 1381 1381 1141 1573 1283 1410 1476 1328 1206 1156 1281 1124 1297 1263 1218
1547 1162 1459 1328 1505 1532 1407 1296 1386 1518 1522 1302 1418 1595 1514 1532 1555 1370 1368 1628 1506 1541 1402 1539 1348 1300 1467 1437 1453 1577 1593 1395 1376 1522 1240 1291 1630 1528 1518 1420 1546 1364 1426 1543 1434 1469 1373 1350 1528 1579 1579 1456 1569 1481 1440 1501 1431 1324 1304 1448 1383 1638 1508 1434
1464 1159 1409 1190 1346 1515 1297 1366 1169 1415 1346 1146 1251 1450 1419 1412 1491 1404 1330 1553 1366 1545 1281 1522 1265 1315 1557 1540 1371 1482 1632 1295 1317 1418 1070 1428 1544 1546 1471 1421 1510 1168 1473 1454 1308 1304 1323 1493 1486 1454 1453 1184 1735 1490 1612 1429 1399 1353 1331 1556 1247 1431 1544 1326
1709 1331 1493 1221 1284 1557 1418 1539 1324 1516 1455 1395 1363 1521 1355 1344 1336 1524 1217 1618 1356 1511 1480 1661 1304 1291 1329 1312 1265 1587 1650 1320 1383 1509 1209 1328 1493 1646 1330 1365 1540 1353 1495 1448 1354 1594 1414 1515 1474 1430 1482 1371 1587 1495 1586 1511 1498 1387 1362 1570 1369 1592 1527 1321
1389 1033 1379 1150 1218 1277 1099 1258 1124 1276 1246 1161 1267 1371 1354 1337 1264 1385 1180 1401 1207 1358 1236 1409 1208 1273 1412 1324 1136 1340 1439 1249 1137 1342 1014 1256 1398 1428 1298 1262 1320 1201 1261 1311 1194 1449 1232 1251 1362 1318 1388 1186 1435 1197 1331 1376 1320 1197 1162 1274 1244 1358 1395 1242
1277 975 1314 1088 1206 1324 1283 1138 1202 1386 1309 1078 1055 1226 1101 1333 1270 1186 1057 1503 1223 1350 1223 1295 1054 1194 1179 1222 1140 1223 1171 1123 1267 1204 857 1216 1369 1331 1253 1203 1268 1108 1203 1231 1126 1227 1110 1220 1214 1230 1380 1110 1462 1276 1389 1309 1248 1236 1163 1239 1111 1283 1254 1211
1479 1102 1270 1145 1198 1286 1156 1302 1025 1241 1286 1268 1225 1366 1371 1264 1220 1247 1251 1520 1284 1391 1215 1445 1149 1180 1405 1315 1190 1433 1574 1218 1152 1406 1054 1193 1354 1458 1356 1194 1467 1114 1318 1323 1249 1317 1227 1323 1277 1278 1328 1148 1501 1382 1485 1222 1205 1232 1299 1365 1165 1220 1267 1241
1406 1053 1249 1120 1005 1249 1152 1150 1085 1321 1184 1101 1092 1395 1120 1076 1133 1159 947 1301 1155 1220 1176 1282 998 1165 1220 1167 993 1366 1288 1035 1229 1289 1100 956 1175 1238 1119 1166 1298 1175 1143 1094 1166 1365 1204 1175 1102 1145 1324 1096 1292 1133 1296 1331 1318 1057 1170 1210 1185 1275 1186 1249
1546 1215 1504 1217 1399 1450 1319 1243 1380 1535 1531 1214 1280 1508 1337 1470 1436 1305 1327 1499 1457 1530 1337 1489 1199 1317 1372 1487 1242 1574 1386 1379 1400 1377 1141 1313 1444 1451 1443 1451 1481 1310 1528 1396 1357 1411 1363 1413 1432 1332 1487 1267 1548 1391 1491 1467 1468 1348 1301 1423 1285 1464 1456 1336
1378 1134 1369 1072 1290 1488 1186 1240 1199 1281 1294 1243 1300 1473 1381 1453 1261 1311 1359 1531 1327 1419 1303 1434 1170 1223 1370 1393 1242 1510 1493 1251 1305 1288 1106 1354 1387 1580 1320 1262 1464 1215 1392 1486 1228 1401 1189 1330 1482 1335 1495 1241 1656 1348 1484 1455 1386 1299 1361 1427 1293 1350 1406 1253
1118 833 1086 819 1069 1117 937 1100 926 1092 1037 846 924 1081 994 1108 1097 1021 963 1243 999 1129 1020 1148 899 994 1013 1003 812 1108 1088 953 1023 1038 860 939 1144 1144 952 1138 1087 920 1014 1092 1055 1061 912 1106 1105 917 1134 999 1275 1087 1056 1059 988 1017 863 1049 1136 974 1140 1003
1398 1107 1310 1057 1287 1385 1159 1284 1180 1382 1434 1135 1236 1314 1306 1217 1250 1324 1164 1445 1236 1333 1234 1386 1088 1169 1300 1176 1203 1349 1415 1292 1270 1366 1024 1243 1308 1352 1235 1227 1471 1092 1269 1268 1255 1367 1259 1232 1321 1431 1258 1097 1428 1299 1283 1275 1200 1111 1015 1368 1262 1448 1276 1318
1384 1103 1229 1129 1085 1415 1288 1219 1107 1384 1284 1196 1199 1423 1233 1289 1241 1240 1156 1462 1267 1376 1300 1450 1144 1194 1389 1276 1232 1451 1399 1118 1162 1364 1047 1223 1386 1450 1332 1236 1439 1189 1320 1290 1156 1256 1182 1243 1374 1327 1400 1146 1557 1256 1340 1408 1227 1256 1153 1285 1185 1398 1223 1266
1161 910 1148 827 921 1057 1009 1061 900 1040 1059 893 937 1061 1034 1087 928 1086 932 1240 1009 1173 1158 1227 963 1041 1070 1118 946 1116 1054 1004 990 1036 856 990 1165 1167 1098 1129 1111 960 1059 1110 1060 1069 930 1103 1036 1001 1122 879 1249 995 1135 1129 1076 967 978 1076 930 1178 1101 945
1432 1189 1193 991 1215 1339 1164 1192 1007 1278 1319 1161 1094 1209 1192 1197 1238 1207 1123 1377 1303 1352 1213 1329 1028 1149 1259 1361 1092 1357 1373 1241 1084 1256 930 1197 1442 1304 1260 1256 1332 1138 1234 1294 1135 1181 1164 1339 1233 1260 1312 1029 1425 1315 1386 1230 1153 1167 1202 1278 1061 1074 1380 1204
1564 1166 1596 1261 1436 1554 1301 1343 1317 1386 1418 1331 1405 1562 1395 1541 1430 1362 1393 1660 1387 1544 1399 1517 1365 1287 1445 1452 1282 1577 1559 1409 1349 1384 1283 1373 1561 1543 1392 1378 1558 1389 1390 1443 1297 1585 1311 1431 1489 1433 1438 1323 1619 1314 1594 1584 1353 1391 1418 1482 1338 1505 1522 1491
1673 1290 1480 1280 1369 1418 1366 1365 1223 1472 1640 1223 1344 1534 1405 1348 1457 1369 1344 1680 1389 1640 1296 1467 1203 1289 1474 1561 1208 1591 1609 1288 1405 1519 1230 1370 1687 1440 1433 1371 1631 1235 1396 1380 1427 1466 1357 1518 1456 1559 1464 1157 1580 1527 1576 1553 1393 1492 1342 1517 1363 1531 1484 1445
1460 1156 1360 1199 1173 1453 1192 1088 1112 1262 1288 1179 1147 1318 1251 1364 1219 1269 1166 1372 1230 1409 1159 1340 1051 1248 1423 1320 1237 1360 1451 1199 1302 1338 982 1252 1355 1494 1357 1231 1271 1126 1402 1279 1125 1507 1218 1260 1366 1356 1319 1142 1456 1137 1346 1431 1311 1283 1218 1333 1280 1396 1301 1264
1386 1039 1350 1282 1279 1509 1208 1128 1138 1271 1238 1211 1230 1502 1332 1454 1356 1308 1266 1515 1220 1379 1291 1395 1137 1240 1380 1382 1303 1495 1552 1279 1235 1340 1113 1251 1362 1523 1401 1230 1365 1210 1391 1384 1284 1297 1428 1241 1407 1360 1345 1171 1531 1287 1448 1393 1231 1191 1277 1275 1170 1306 1384 1190
1664 1252 1512 1310 1552 1620 1309 1426 1296 1469 1484 1294 1381 1551 1467 1489 1467 1428 1306 1710 1535 1540 1461 1540 1199 1558 1439 1597 1314 1463 1455 1484 1432 1479 1323 1365 1566 1561 1550 1469 1512 1446 1376 1676 1297 1562 1398 1533 1527 1535 1571 1229 1705 1413 1592 1616 1351 1368 1388 1496 1237 1587 1555 1508
1410 1147 1493 1199 1265 1430 1402 1379 1300 1494 1540 1266 1294 1413 1387 1444 1411 1423 1246 1674 1345 1612 1281 1521 1297 1277 1446 1278 1332 1446 1431 1387 1327 1410 1151 1360 1471 1551 1455 1392 1533 1213 1439 1369 1388 1494 1263 1447 1391 1403 1528 1246 1716 1413 1549 1440 1363 1349 1345 1500 1268 1469 1363 1202
1447 1057 1308 1095 1178 1322 1158 1193 961 1247 1391 1285 1212 1296 1271 1297 1312 1154 1119 1513 1293 1383 1182 1318 1079 1180 1313 1289 1184 1321 1379 1188 1239 1189 1108 1215 1341 1303 1329 1138 1340 1268 1199 1386 1186 1321 1153 1326 1237 1258 1389 1110 1417 1296 1413 1297 1245 1249 1195 1316 1080 1321 1348 1315
1411 1056 1508 1177 1465 1525 1286 1311 1291 1472 1468 1261 1323 1435 1440 1532 1553 1273 1295 1728 1501 1631 1324 1408 1260 1317 1469 1406 1307 1440 1445 1398 1296 1231 1136 1406 1545 1414 1463 1302 1494 1361 1408 1454 1273 1411 1229 1448 1511 1389 1509 1316 1656 1409 1525 1409 1381 1420 1214 1332 1310 1449 1509 1448
1332 1082 1302 1078 1197 1459 1296 1267 1070 1193 1172 1085 1029 1182 1247 1284 1189 1300 1058 1443 1145 1348 1248 1357 966 1181 1258 1300 1167 1355 1454 1050 1090 1324 946 1227 1416 1351 1297 1263 1324 1112 1269 1361 1093 1308 1141 1311 1350 1355 1249 1167 1488 1186 1423 1268 1257 1139 1193 1221 970 1358 1318 1175
1412 1105 1379 1077 1227 1386 1245 1322 1075 1273 1243 1075 1175 1350 1197 1239 1224 1262 1238 1431 1246 1344 1202 1484 1040 1178 1273 1331 1154 1316 1445 1050 1191 1262 1036 1160 1314 1402 1184 1228 1359 1205 1430 1287 1187 1302 1226 1284 1323 1253 1340 1188 1501 1264 1457 1358 1261 1262 1202 1375 1170 1308 1355 1335
1339 992 1359 987 1175 1231 1219 1227 949 1220 1306 1155 1215 1308 1293 1309 1260 1210 1059 1353 1188 1410 1133 1321 1147 1145 1355 1274 1202 1276 1402 1223 1186 1190 1030 1151 1294 1312 1291 1252 1343 1134 1200 1313 1064 1246 1157 1248 1319 1285 1305 1137 1346 1279 1303 1245 1136 1234 1138 1332 1100 1173 1248 1212
1681 1385 1588 1262 1461 1571 1427 1363 1352 1433 1471 1428 1495 1692 1537 1545 1573 1481 1428 1683 1622 1588 1518 1629 1313 1419 1541 1641 1347 1525 1519 1500 1443 1460 1195 1465 1712 1523 1542 1425 1551 1481 1513 1547 1467 1529 1426 1587 1640 1622 1612 1288 1749 1476 1645 1684 1399 1474 1449 1586 1430 1522 1663 1471
1453 1116 1379 1103 1246 1255 1257 1282 1095 1355 1369 1229 1278 1391 1338 1282 1318 1270 1233 1473 1373 1465 1216 1484 1251 1180 1394 1320 1267 1460 1452 1264 1319 1383 1146 1260 1423 1402 1302 1334 1498 1198 1299 1493 1270 1396 1234 1330 1283 1349 1306 1275 1595 1381 1465 1379 1295 1274 1221 1528 1201 1392 1423 1185
1353 1004 1313 1167 1150 1311 1236 1135 1090 1346 1430 1220 1094 1418 1220 1461 1228 1283 1253 1476 1315 1541 1171 1401 1173 1240 1397 1302 1283 1344 1343 1428 1413 1231 1147 1292 1213 1353 1329 1268 1483 1184 1336 1303 1142 1382 1191 1398 1367 1196 1387 1174 1462 1261 1396 1363 1301 1392 1149 1400 1213 1417 1427 1129
1453 1166 1313 1054 1230 1436 1244 1167 1053 1376 1351 1236 1172 1326 1168 1268 1271 1357 1185 1540 1293 1376 1340 1416 1023 1283 1322 1271 1175 1431 1372 1203 1423 1308 1054 1364 1320 1433 1283 1255 1413 1125 1335 1363 1253 1213 1211 1361 1428 1312 1306 1230 1600 1421 1417 1320 1275 1256 1184 1413 1127 1264 1339 1151
1632 1184 1473 1181 1280 1490 1296 1358 1255 1406 1395 1301 1326 1434 1326 1307 1401 1405 1309 1617 1434 1550 1369 1510 1176 1359 1419 1365 1196 1509 1441 1403 1303 1399 1093 1329 1426 1491 1473 1272 1480 1268 1402 1341 1412 1485 1339 1389 1394 1426 1486 1166 1587 1358 1485 1493 1378 1188 1216 1358 1283 1478 1415 1387
1552 1096 1630 1293 1438 1659 1394 1469 1279 1565 1553 1256 1195 1465 1390 1528 1513 1578 1241 1767 1337 1550 1385 1666 1268 1396 1571 1439 1353 1506 1649 1392 1415 1481 1154 1466 1493 1594 1462 1540 1479 1353 1435 1474 1284 1563 1401 1497 1555 1480 1609 1348 1573 1503 1509 1433 1566 1328 1366 1407 1234 1577 1556 1392
1464 1219 1503 1263 1266 1334 1406 1271 1248 1531 1399 1262 1291 1650 1358 1399 1410 1450 1205 1609 1351 1541 1348 1493 1167 1330 1304 1327 1194 1644 1561 1301 1377 1469 1285 1276 1396 1448 1407 1371 1455 1402 1411 1388 1402 1407 1428 1432 1414 1397 1414 1290 1534 1380 1420 1373 1526 1271 1268 1365 1290 1521 1483 1277
