11 14 20 12 19 15 17 12 19 15 12 13 15 17 16 15 15 15 12 16 12 12 14 11 17 10 9 16 12 14 15 9 13 15 12 10 14 14 17 16 13 11 10 13 10 18 15 16 15 11 11 19 14 16 13 14 17 15 14 19 13 14 15 16
20 17 26 20 22 21 19 15 18 19 20 20 17 22 14 22 21 19 14 23 14 14 19 15 17 16 15 20 16 19 16 14 15 20 15 11 22 16 18 18 19 17 15 18 19 21 13 21 15 14 14 18 16 20 15 19 22 23 21 26 17 16 18 17
19 19 23 19 27 24 22 18 20 18 15 21 16 20 17 19 18 21 15 26 19 14 22 19 19 17 12 23 16 16 18 13 21 21 15 14 17 22 20 24 19 18 19 20 20 24 17 20 17 15 15 18 19 20 17 15 23 21 18 23 18 15 19 19
13 10 15 14 17 19 19 13 15 16 15 15 13 16 15 15 13 17 13 25 18 13 18 17 17 14 11 17 15 16 14 14 15 16 11 13 15 18 14 18 14 14 14 15 14 19 10 17 13 10 10 17 15 18 16 13 14 19 17 14 16 16 17 15
16 13 16 16 22 20 22 15 22 20 16 16 17 16 13 20 16 21 12 22 12 12 16 17 18 15 11 16 21 13 16 15 15 21 8 13 22 14 20 18 21 13 14 16 18 17 17 19 17 10 14 17 13 16 15 19 16 22 17 21 17 13 16 12
20 18 20 18 24 19 18 15 17 16 15 18 14 16 15 20 16 21 9 21 12 10 14 16 17 13 12 19 11 15 18 16 16 18 12 14 20 18 22 20 18 15 16 17 15 22 16 17 15 13 13 18 14 19 16 20 17 18 17 24 15 15 16 17
20 19 19 20 21 21 15 19 21 15 15 21 17 17 11 19 21 19 11 21 15 11 19 17 13 12 12 22 16 13 15 14 17 20 13 9 20 16 23 18 17 20 15 16 16 18 16 19 16 17 14 19 12 20 15 13 19 16 17 22 16 10 12 15
18 13 17 11 14 16 16 15 19 16 12 17 13 12 14 16 15 14 11 19 14 11 16 11 14 15 9 16 13 15 13 11 17 14 12 14 15 17 15 16 16 16 11 11 14 13 13 17 13 13 11 17 13 16 16 11 20 16 12 18 15 14 14 13
11 11 15 14 17 15 13 10 14 12 15 15 13 11 11 14 14 14 10 14 9 7 9 10 10 6 10 13 13 9 11 8 10 12 9 5 14 11 15 10 14 14 11 13 10 13 10 12 11 8 8 12 10 10 12 14 14 9 12 15 10 8 12 15
16 15 26 18 23 22 18 13 14 18 20 21 19 16 13 16 17 19 9 22 14 11 17 17 19 18 16 18 15 16 17 13 13 18 14 12 17 17 16 16 15 17 16 18 18 22 13 20 19 13 14 18 14 16 13 13 21 21 16 25 18 15 18 17
16 13 16 15 19 18 17 15 18 13 12 16 14 14 13 16 18 17 12 17 12 11 16 17 17 10 11 15 13 16 11 16 19 22 13 12 19 15 17 13 17 11 9 14 17 19 13 18 17 15 14 11 12 16 15 13 15 18 18 20 15 14 14 11
15 16 21 15 20 18 17 14 20 12 15 18 15 15 13 22 17 18 14 19 11 11 15 15 17 14 14 15 17 18 14 16 23 22 16 13 19 21 18 14 15 18 11 16 21 18 17 21 17 15 13 18 14 16 18 13 23 22 16 21 18 17 19 16
16 12 18 17 17 17 14 16 16 16 12 14 11 16 11 14 17 14 10 19 16 12 17 17 14 13 11 18 16 10 15 15 14 15 12 14 18 14 21 15 16 15 12 16 15 13 13 18 11 13 14 17 16 17 17 15 15 14 18 17 15 11 15 12
17 20 20 18 22 20 21 16 23 15 13 21 21 16 16 21 19 25 13 19 12 13 18 19 13 17 10 16 17 17 17 16 24 19 16 16 20 16 20 19 16 17 15 16 17 21 22 20 18 14 15 22 18 17 16 14 19 20 14 24 21 15 15 18
11 12 18 12 18 20 15 12 17 14 13 17 13 14 16 13 14 18 12 16 13 9 14 14 14 11 11 13 9 12 13 9 15 18 11 12 14 11 14 11 13 10 15 12 12 18 13 11 15 12 13 16 13 14 17 15 12 15 12 17 13 11 15 14
17 19 24 17 24 24 18 19 21 23 16 24 19 21 17 21 23 22 19 26 16 15 23 19 16 19 12 19 19 17 18 12 22 20 13 15 22 20 25 20 20 17 17 18 17 17 20 22 20 17 16 22 17 22 21 19 22 23 15 24 18 12 18 19
12 9 18 10 17 13 15 8 14 11 10 16 15 14 10 14 11 15 8 19 10 6 14 14 13 11 9 13 10 11 12 10 12 14 10 9 7 13 14 11 13 14 15 10 13 14 11 13 13 14 10 9 12 14 11 11 17 15 10 14 12 10 13 11
17 17 18 20 22 18 19 18 21 17 13 17 13 15 16 16 15 19 17 26 17 12 16 16 18 17 11 19 18 17 11 13 18 21 14 16 22 18 22 21 19 16 16 16 17 16 18 20 16 16 15 16 16 20 22 18 19 19 20 24 18 16 18 18
21 21 24 16 26 21 18 19 20 14 21 19 19 20 17 22 22 23 12 20 15 12 17 19 16 14 13 19 18 19 17 17 19 20 15 11 21 20 21 18 19 19 18 16 13 22 21 20 21 18 16 18 18 23 17 19 17 24 21 25 17 15 18 17
17 15 22 15 20 18 20 15 19 17 13 16 18 17 14 19 15 19 16 25 12 13 16 18 18 18 9 17 17 18 14 11 18 21 10 11 20 16 16 17 17 15 13 12 18 20 19 18 16 14 15 17 19 18 13 16 18 20 15 20 18 15 14 15
18 14 20 16 22 21 18 16 18 15 17 20 17 16 15 18 21 18 14 25 17 12 12 16 16 12 17 14 17 15 13 13 17 19 14 15 17 18 18 16 16 16 15 16 18 21 17 17 19 14 13 18 13 17 17 13 20 19 15 20 17 17 15 18
15 16 21 18 24 21 20 15 14 20 17 17 18 19 15 16 24 21 16 24 18 20 21 17 18 17 15 20 20 19 16 16 18 19 19 12 20 19 21 19 19 19 16 18 16 23 20 23 19 13 17 21 17 23 16 14 20 19 17 22 16 14 16 21
16 15 20 14 21 16 16 13 15 14 12 15 13 19 12 18 14 16 9 17 10 11 14 14 15 12 11 15 14 15 14 13 14 18 13 9 15 12 18 15 15 13 10 15 15 15 13 21 14 13 15 14 11 18 10 15 18 14 16 19 11 12 14 12
12 14 20 13 19 19 15 10 16 11 13 15 15 15 14 17 16 17 12 16 11 4 17 14 14 10 9 17 17 8 12 9 16 17 11 10 14 14 19 14 19 20 10 13 12 14 16 15 14 13 10 13 14 12 10 13 18 13 12 20 11 10 15 14
17 21 26 20 27 22 21 16 21 18 18 19 22 21 16 20 23 22 18 28 15 14 18 20 22 17 13 20 19 19 17 16 23 22 16 14 21 22 23 16 23 18 18 15 17 25 23 22 25 19 17 21 20 20 19 20 23 24 17 29 21 18 19 20
17 18 22 14 21 22 16 16 19 19 17 21 14 16 15 17 19 18 10 19 14 12 17 22 18 18 13 20 16 16 20 15 19 21 13 14 18 18 18 18 21 19 14 16 16 19 15 22 17 18 18 18 17 13 14 16 18 19 17 22 18 16 17 15
15 17 16 14 15 17 17 12 13 20 14 15 12 11 8 17 17 18 11 21 12 13 15 16 13 16 10 16 12 14 12 10 15 15 11 10 12 14 13 17 14 13 13 15 13 16 13 15 19 14 13 17 10 11 11 12 16 15 12 16 15 10 12 14
16 18 23 16 22 20 18 12 14 14 14 19 13 17 16 16 16 17 12 19 15 12 18 17 15 14 10 15 16 17 15 14 17 14 16 12 16 17 16 19 15 17 13 16 18 19 12 21 14 13 12 15 11 17 11 13 19 19 17 24 17 13 17 15
10 10 17 10 14 16 14 11 10 13 10 12 12 10 11 15 7 15 8 16 11 5 10 14 11 12 8 12 10 10 10 9 8 12 11 9 12 11 12 12 12 14 8 10 12 12 11 13 10 11 8 14 8 11 9 11 11 10 10 14 11 9 11 9
15 13 18 16 20 18 20 14 20 19 14 16 16 17 14 17 18 20 12 22 14 11 17 13 20 14 11 20 12 14 15 15 16 17 11 11 20 13 19 16 16 16 11 15 13 15 14 17 14 14 12 16 19 17 17 14 15 19 17 21 16 15 17 13
15 12 15 14 16 18 14 18 21 14 12 18 16 15 14 18 18 18 16 22 15 13 17 16 13 11 12 13 14 14 15 13 20 17 12 11 16 16 19 14 15 17 12 13 16 18 18 16 15 19 12 16 17 19 16 15 14 16 11 15 17 12 14 13
14 12 19 15 18 14 15 13 13 9 10 16 16 14 11 14 15 15 11 17 12 9 13 15 13 13 10 13 15 14 12 10 14 14 11 11 16 11 17 15 14 16 11 10 16 16 16 15 11 10 11 14 15 17 9 12 13 15 12 19 14 11 12 14
20 19 19 21 24 23 22 19 24 19 12 21 20 20 19 19 20 23 16 25 18 18 21 20 17 18 13 18 20 19 17 20 22 21 17 18 24 18 22 21 23 19 15 17 22 23 20 25 18 17 16 19 18 26 16 17 21 22 19 25 24 15 18 19
12 16 17 15 20 21 18 10 15 19 11 17 11 17 15 16 17 16 12 23 14 14 16 17 16 14 11 16 16 14 14 11 17 17 15 12 14 15 19 17 15 13 13 18 17 19 14 21 17 11 12 16 15 15 16 13 18 16 17 18 15 11 16 17
14 14 18 14 19 19 21 17 19 16 17 21 18 13 17 17 13 21 15 22 13 11 18 16 15 17 13 16 14 19 12 12 19 15 16 11 14 17 17 18 13 16 13 15 15 17 14 16 19 14 11 14 12 19 16 12 18 21 15 19 16 18 16 16
19 14 19 12 24 19 18 16 21 20 15 20 18 18 17 20 20 19 20 26 19 15 15 20 17 15 14 16 14 16 17 18 20 19 11 16 19 23 22 17 18 14 13 15 16 21 18 22 19 18 16 19 16 16 16 19 21 19 15 20 16 16 18 19
17 15 20 17 22 22 18 17 20 18 14 16 13 15 16 17 20 17 11 19 13 12 17 18 16 14 11 19 15 15 18 12 14 19 11 16 23 15 20 21 16 13 15 17 20 20 17 18 17 11 15 20 14 17 15 18 14 17 18 21 15 15 16 16
10 14 19 15 22 21 17 16 19 21 14 19 18 14 12 18 17 20 14 20 14 12 17 19 13 13 11 16 10 14 16 12 16 17 10 10 17 18 22 15 17 12 17 17 15 16 16 16 16 15 12 18 12 12 16 17 14 17 15 17 16 11 16 13
11 10 14 11 17 12 18 11 18 18 11 16 17 17 12 14 17 15 13 18 7 11 12 13 15 14 12 14 15 12 11 11 14 18 8 6 17 10 15 12 14 8 14 11 15 18 14 18 15 9 11 15 11 16 14 16 15 17 15 15 14 9 10 11
14 12 20 13 21 19 20 11 17 18 17 14 13 18 15 16 17 19 11 20 16 10 15 17 16 14 14 18 16 13 17 13 13 20 11 15 16 13 18 15 14 11 14 14 14 16 14 16 15 12 17 20 15 15 15 14 15 17 17 17 13 14 15 16
16 12 17 12 17 19 15 12 18 13 14 17 12 14 12 17 15 13 12 21 11 11 15 16 13 10 12 15 15 13 10 11 18 15 13 13 16 16 16 15 16 14 11 13 16 15 14 15 12 15 11 14 15 19 17 16 15 16 14 15 14 13 16 14
14 17 20 20 20 21 16 15 19 16 12 18 14 19 19 16 16 17 14 21 17 11 14 17 17 14 14 15 16 14 18 17 18 19 17 13 18 17 19 12 16 19 11 14 19 21 18 22 15 16 15 15 19 18 19 16 21 16 20 23 18 15 15 16
15 17 23 14 26 19 17 19 18 18 12 19 15 21 16 20 18 18 15 21 16 13 14 17 14 12 14 14 15 19 15 15 18 19 14 14 18 19 22 17 18 15 10 15 18 17 16 21 17 19 14 18 14 17 16 19 19 16 15 23 16 14 19 18
18 17 24 22 24 21 23 13 18 20 15 17 21 20 13 20 17 22 12 23 14 15 17 17 19 17 9 19 18 21 15 17 20 20 15 14 25 20 21 17 20 14 15 18 20 19 21 24 17 12 14 18 17 21 19 17 21 22 19 27 20 14 18 16
13 13 21 14 20 20 16 13 18 16 12 17 16 15 16 16 15 14 12 18 14 13 18 16 13 13 9 15 15 15 16 14 14 13 13 12 18 15 21 15 17 14 15 14 18 18 16 20 16 14 13 17 15 17 13 17 14 19 16 22 17 9 17 12
12 16 19 15 20 19 17 13 14 14 12 14 14 14 12 17 17 18 10 18 12 11 13 10 15 13 10 12 15 10 14 14 18 18 14 12 15 15 16 14 18 18 13 15 14 15 17 14 12 11 11 18 16 14 17 12 21 15 10 19 14 12 14 12
18 15 22 15 21 21 22 13 15 22 14 18 15 18 15 16 18 21 16 23 15 18 18 17 16 20 14 18 17 22 14 15 20 16 19 16 18 18 18 20 17 16 14 16 15 17 17 20 19 15 17 17 18 16 15 13 23 20 14 24 19 15 17 19
12 15 16 12 19 20 17 13 14 15 14 12 11 13 13 14 11 18 10 19 16 9 18 16 12 15 11 14 13 15 14 10 17 15 11 10 15 14 15 15 13 16 10 12 12 14 13 16 16 12 14 16 13 17 12 12 12 15 12 18 15 10 16 15
20 18 17 15 21 18 17 16 21 18 14 18 14 17 12 21 22 21 12 19 17 15 14 17 18 15 14 17 16 18 16 18 21 23 13 15 21 17 21 16 18 14 14 17 18 19 18 20 18 16 18 18 16 15 19 17 18 23 19 24 18 13 17 16
21 12 18 16 20 19 15 14 15 15 16 16 15 18 12 15 19 18 9 19 15 14 12 15 16 13 14 13 12 17 16 17 17 16 13 14 21 10 14 13 13 13 12 13 14 18 15 17 13 14 17 16 17 19 15 14 13 19 16 21 19 16 12 15
18 15 24 17 23 18 20 15 19 17 15 22 19 20 15 21 17 22 15 24 13 11 18 21 17 15 12 18 17 18 12 14 19 19 16 12 23 14 19 17 14 14 17 16 16 20 16 19 18 20 14 15 18 22 19 20 16 23 18 23 19 11 16 17
18 14 17 15 18 14 15 18 16 19 13 16 13 15 14 14 15 18 15 21 14 13 11 18 15 17 13 15 15 15 12 15 12 17 11 14 19 15 15 19 14 13 11 14 14 13 14 17 15 13 13 15 12 17 14 16 15 18 17 18 17 12 14 17
15 9 19 12 16 12 17 9 15 13 12 13 15 13 15 17 11 18 9 17 8 9 8 10 11 12 9 16 12 16 13 8 11 15 9 10 15 14 13 14 13 11 14 8 16 19 17 13 12 11 12 14 16 15 14 12 15 19 12 20 12 12 8 15
17 17 23 17 21 22 21 13 18 25 17 19 18 18 16 17 21 24 14 23 14 16 16 20 19 19 16 21 19 14 16 17 14 20 15 15 21 14 19 19 21 18 20 18 16 21 22 17 20 16 17 18 19 19 18 20 18 21 17 24 19 13 15 18
18 18 25 21 25 25 21 16 20 22 18 20 19 18 18 17 23 23 13 25 17 15 18 17 21 16 16 19 16 19 17 17 20 20 19 16 21 19 24 16 17 17 15 17 18 19 22 22 17 18 18 22 20 21 20 15 22 20 19 26 20 15 19 21
20 19 22 21 29 21 22 21 22 18 15 19 23 19 15 21 21 24 13 25 18 13 19 17 20 19 9 21 17 18 17 16 21 23 16 9 24 19 23 18 21 19 21 17 19 23 22 22 17 16 18 17 23 21 22 18 23 25 21 28 19 13 17 16
18 19 18 16 23 19 14 17 20 17 14 21 13 17 13 16 19 17 13 22 14 12 13 17 18 15 12 19 13 14 17 13 16 20 11 12 20 16 20 19 15 16 12 15 12 20 15 19 17 17 15 18 18 13 17 18 17 19 18 24 17 16 18 16
16 17 21 22 27 22 23 17 24 19 15 20 20 22 17 20 20 23 14 24 15 18 15 19 15 13 14 14 17 18 18 17 18 21 12 13 21 17 20 19 20 12 17 16 19 23 20 23 18 13 17 20 16 22 13 15 18 20 19 20 21 15 14 16
13 13 22 14 20 18 16 14 15 16 16 16 20 17 13 13 16 18 15 20 10 11 12 15 19 16 14 15 16 18 12 9 17 19 11 9 16 16 16 15 15 14 15 12 15 17 18 15 15 15 14 15 16 18 14 15 17 19 14 20 15 14 15 14
18 14 21 18 24 19 21 18 19 16 15 16 18 17 14 20 16 22 12 21 15 14 11 15 16 13 11 14 15 20 15 15 17 21 14 15 22 15 18 18 19 15 13 14 17 17 21 18 15 15 16 19 13 18 17 17 15 19 16 23 18 16 14 15
14 12 18 15 21 21 18 13 16 16 17 20 19 12 12 15 17 17 12 22 14 11 15 17 17 16 14 16 14 16 12 11 17 21 11 10 15 21 18 16 19 13 18 11 16 20 16 17 18 12 12 16 14 16 14 11 19 21 15 17 15 13 14 13
20 15 21 15 19 18 17 10 15 17 17 18 16 16 12 16 18 18 10 21 17 14 15 16 17 15 12 16 14 17 15 14 15 13 13 15 20 17 17 16 16 13 17 13 12 19 16 19 18 12 14 18 16 18 15 16 17 20 15 24 17 12 18 19
15 13 17 14 19 17 18 15 17 17 14 17 15 15 13 19 14 20 11 19 13 12 16 16 17 15 13 15 14 16 14 13 19 19 12 12 16 17 14 17 16 14 10 16 16 17 14 19 14 12 10 17 13 15 15 16 15 20 15 18 14 14 18 14
10 15 19 16 18 13 17 12 15 16 13 14 15 15 13 15 17 18 13 18 14 8 10 16 18 14 12 10 15 14 10 16 12 18 11 11 13 14 18 14 13 11 10 11 15 15 17 19 18 16 11 12 13 10 10 15 18 14 16 21 14 14 14 16
