1445 1216 1490 1375 1561 1228 1086 1472 1127 1333 1437 1315 1258 1621 1552 1221 1598 1296 1253 1194 1238 1284 1550 1619 1339 1439 1290 1409 1124 1343 1128 1297 1218 1392 1424 1271 1214 1252 1104 1234 1118 1332 1221 1380 1474 1339 1331 1325 1043 1356 1252 1091 1551 1517 1501 1459 1448 1434 1433 1311 1067 1293 1486 1151
1411 1179 1451 1219 1359 1061 1242 1372 1222 1123 1210 1192 1256 1530 1338 1143 1399 1226 1229 1110 1122 1085 1444 1382 1131 1284 1209 1105 1080 1181 1184 1335 1068 1400 1357 1265 1065 1252 1025 1099 1139 1213 1208 1126 1235 1051 1127 1237 983 1282 1115 1154 1207 1503 1183 1268 1435 1244 1472 1338 1167 1181 1531 918
1448 1250 1382 1226 1292 1262 1145 1425 1263 1337 1089 1161 1174 1585 1468 1165 1494 1255 1170 1193 1214 1351 1437 1436 1372 1492 1234 1339 1019 1269 1233 1454 1238 1494 1471 1347 1279 1363 1188 1144 1250 1352 1304 1470 1379 1134 1189 1262 1219 1359 1226 1122 1469 1386 1308 1269 1534 1494 1524 1375 1241 1241 1519 985
1392 1274 1466 1388 1396 1287 1078 1499 1216 1267 1346 1220 1092 1466 1641 1159 1468 1312 1330 1362 1277 1162 1355 1584 1302 1350 1324 1235 1174 1251 1130 1348 1179 1413 1480 1313 1281 1200 1105 957 1145 1177 1141 1274 1439 1056 1158 1346 1122 1454 1234 1198 1481 1482 1393 1424 1447 1407 1512 1360 1088 1266 1550 1068
1371 1266 1350 1313 1444 1180 1269 1478 1185 1282 1156 1122 1176 1467 1578 1187 1513 1350 1294 1335 1275 1270 1421 1602 1278 1255 1247 1289 1014 1243 1206 1409 1213 1490 1433 1339 1352 1351 1027 1042 1190 1263 1249 1414 1385 1102 1107 1351 1174 1511 1145 1106 1479 1389 1242 1319 1392 1380 1333 1417 1244 1234 1550 948
1380 1159 1387 1102 1361 1060 1172 1283 1003 1247 1102 1147 1164 1474 1429 992 1374 1297 1184 1231 1110 1222 1311 1463 1155 1183 1323 1118 1043 1174 1178 1235 1030 1321 1320 1304 1068 1299 1098 992 1074 1265 1137 1224 1360 1111 1063 1153 1022 1377 1037 1015 1393 1289 1148 1341 1322 1314 1276 1341 1016 1177 1438 993
1606 1314 1313 1305 1543 1213 1236 1459 1206 1431 1208 1230 1208 1557 1595 1140 1500 1306 1273 1275 1316 1316 1507 1568 1395 1427 1383 1408 952 1261 1219 1532 1185 1447 1541 1407 1357 1511 1127 1197 1318 1235 1251 1575 1501 1211 1266 1265 1140 1496 1089 1292 1547 1563 1386 1357 1469 1378 1489 1424 1238 1234 1528 1079
1235 1240 1213 1123 1295 1125 1162 1370 1132 1074 1063 1076 1041 1293 1381 1082 1397 1073 1112 1131 1163 1206 1297 1354 1240 1220 1246 1183 1054 1049 1056 1290 1083 1493 1285 1148 1205 1291 1021 832 1187 1010 1132 1240 1292 1041 969 1099 912 1185 911 1040 1401 1258 1123 1150 1269 1276 1307 1222 1035 1095 1300 1001
1312 1202 1386 1295 1287 1149 1232 1395 1179 1071 1094 1156 1156 1486 1409 1025 1388 1214 1129 1109 1221 1157 1417 1381 1138 1217 1178 1231 1109 1153 1236 1269 1144 1386 1366 1005 1214 1247 1056 1141 1013 1359 1176 1184 1302 1103 1123 1246 1034 1389 1172 1218 1297 1373 1201 1267 1477 1302 1331 1233 1132 1201 1412 948
1435 1250 1463 1293 1489 1265 1228 1404 1239 1384 1381 1249 1274 1500 1519 1291 1461 1202 1324 1137 1178 1358 1467 1474 1278 1498 1271 1327 1156 1254 1174 1391 1217 1573 1522 1246 1397 1263 1228 1035 1157 1182 1303 1324 1349 1168 1239 1237 1083 1470 1106 1207 1469 1576 1345 1393 1281 1361 1586 1297 1189 1272 1420 1013
1689 1265 1606 1462 1598 1184 1258 1532 1236 1246 1430 1330 1370 1562 1612 1296 1616 1301 1328 1289 1323 1259 1581 1572 1366 1448 1349 1394 1308 1285 1244 1455 1230 1492 1474 1336 1262 1323 1050 1172 1260 1318 1227 1382 1556 1367 1324 1446 1077 1372 1326 1301 1489 1584 1539 1480 1372 1589 1583 1459 1221 1275 1627 1235
1442 1143 1284 1202 1497 1214 1173 1323 1153 1259 1263 1166 1252 1418 1529 1060 1408 1088 1219 1158 1187 1242 1284 1419 1293 1375 1302 1207 1059 1214 1105 1384 1114 1322 1364 1329 1234 1236 1021 1015 1146 1238 1241 1190 1236 1118 1164 1152 895 1319 1096 1055 1433 1470 1291 1332 1337 1296 1417 1368 1089 1235 1365 1046
1355 1226 1400 1304 1449 1199 1251 1464 1213 1182 1300 1233 1287 1456 1634 1156 1495 1199 1363 1296 1195 1296 1449 1474 1322 1367 1357 1277 1328 1222 1180 1407 1263 1433 1266 1306 1234 1327 1096 1040 1230 1201 1278 1258 1431 1117 1018 1377 1052 1383 1135 1216 1404 1424 1379 1349 1457 1411 1453 1317 1053 1205 1490 1124
1491 1521 1397 1320 1596 1295 1445 1610 1234 1294 1325 1337 1304 1654 1722 1313 1632 1249 1366 1345 1320 1303 1560 1631 1356 1521 1433 1403 1272 1428 1235 1382 1362 1584 1545 1485 1300 1419 1204 1115 1304 1461 1393 1351 1452 1324 1154 1384 1214 1445 1426 1326 1536 1534 1416 1493 1452 1523 1597 1375 1172 1618 1430 1133
1345 1367 1367 1299 1504 1186 1280 1512 1261 1312 1315 1214 1299 1519 1620 1277 1557 1248 1245 1208 1158 1287 1677 1526 1367 1562 1342 1310 1211 1283 1253 1456 1268 1422 1436 1382 1216 1435 1108 1066 1211 1283 1262 1292 1390 1110 1164 1215 1037 1346 1222 1176 1389 1565 1461 1401 1465 1442 1447 1325 1238 1332 1579 1015
1311 1092 1271 1163 1253 1001 996 1266 1070 1149 1068 1071 995 1338 1410 849 1284 1103 1092 998 975 1096 1341 1411 1067 1286 1155 1140 938 1119 1101 1287 1032 1348 1386 1125 1045 1286 1092 1040 1019 1270 1240 1107 1185 904 1056 1132 919 1293 1029 1140 1353 1180 1273 1306 1378 1177 1369 1158 965 1183 1223 989
1278 1146 1147 1142 1208 1150 1130 1276 1225 1046 1108 1087 1004 1489 1397 988 1275 1104 1103 1040 1087 1037 1254 1286 1177 1263 1178 1252 971 1197 1071 1249 1056 1320 1368 1099 1170 1195 1032 982 997 1119 1219 1204 1191 1011 1073 1216 955 1312 1096 1115 1292 1315 1258 1121 1316 1202 1380 1260 1086 1193 1374 994
1537 1342 1333 1340 1614 1179 1213 1451 1265 1310 1282 1260 1370 1605 1651 1160 1533 1357 1225 1344 1213 1364 1649 1554 1397 1346 1359 1498 1067 1416 1268 1402 1226 1379 1260 1334 1362 1339 1103 1201 1068 1410 1304 1454 1384 1397 1225 1392 1091 1450 1335 1204 1515 1607 1435 1348 1546 1472 1408 1383 1284 1141 1579 1054
1303 1180 1352 1249 1371 1201 1039 1342 1136 1194 1135 1071 1011 1454 1489 1058 1412 1227 1131 1124 1280 1135 1353 1379 1293 1314 1219 1199 1022 1161 1133 1126 1111 1504 1284 1100 1226 1254 1041 1063 1001 1168 1114 1243 1312 1127 1162 1201 1053 1392 1095 998 1394 1345 1281 1269 1378 1350 1313 1250 1041 1235 1445 1025
1338 1249 1232 1217 1451 1261 1268 1435 1188 1136 1234 1096 1186 1436 1580 1261 1384 1307 1295 1261 1132 1271 1576 1471 1195 1395 1203 1302 1257 1266 1165 1361 1227 1436 1283 1194 1361 1291 1207 1029 1161 1231 1319 1325 1491 1107 1053 1483 1026 1327 1116 1163 1362 1416 1412 1308 1294 1424 1492 1265 1288 1276 1485 1052
1382 1224 1263 1157 1384 1167 1123 1473 1160 1187 1172 1003 1121 1345 1458 1192 1424 1186 1156 1149 1151 1225 1416 1422 1202 1368 1285 1230 1073 1183 1181 1250 1150 1424 1312 1228 1141 1171 1069 1057 1157 1223 1072 1197 1332 1111 1042 1200 981 1403 1104 1101 1465 1251 1162 1376 1364 1342 1441 1212 1078 1170 1288 1032
1232 1166 1408 1244 1353 1139 1200 1259 1044 1133 1142 1095 1096 1378 1410 1099 1433 1160 1310 1182 1201 1250 1281 1461 1067 1184 1205 1268 949 1092 1052 1268 1128 1360 1412 1083 1197 1204 966 1020 1091 1199 1163 1100 1201 1138 1030 1122 1029 1353 1083 1132 1388 1155 1096 1370 1300 1287 1310 1277 981 1209 1273 924
1344 1184 1189 1133 1421 1113 1213 1182 1190 1228 1071 1207 1270 1461 1428 1114 1319 1191 1193 1112 1106 1120 1368 1232 1251 1458 1194 1109 1098 1134 1166 1396 1114 1333 1325 1335 1079 1291 1091 957 1212 1193 1204 1365 1402 969 1088 1314 1174 1228 1134 1169 1108 1487 1326 1156 1335 1335 1526 1372 1273 1171 1531 948
1412 1284 1373 1312 1517 1279 1170 1381 1292 1185 1216 1237 1181 1523 1562 1265 1459 1170 1054 1226 1183 1273 1548 1400 1242 1456 1406 1309 1021 1321 1319 1389 1344 1465 1348 1345 1262 1388 1194 1108 1151 1464 1279 1436 1293 1249 1202 1379 1133 1384 1217 1239 1362 1528 1424 1424 1512 1315 1520 1430 1195 1353 1468 1087
1415 1359 1420 1212 1449 1265 1311 1460 1182 1401 1210 1329 1262 1665 1647 1175 1462 1268 1335 1264 1254 1250 1508 1470 1397 1467 1322 1216 1183 1234 1150 1427 1199 1513 1522 1397 1234 1432 1228 1154 1260 1342 1303 1339 1376 1107 1124 1331 1145 1417 1274 1202 1440 1550 1302 1371 1383 1388 1587 1399 1159 1354 1521 1034
1310 1266 1323 1169 1303 1022 1146 1390 1130 1202 994 1049 1156 1641 1475 1100 1415 1251 1099 1264 1155 1234 1420 1341 1163 1145 1252 1252 1091 1253 1127 1254 1170 1392 1165 1280 1217 1210 1127 1044 1094 1283 1139 1217 1241 1201 1099 1287 1182 1310 1193 1048 1274 1467 1180 1137 1342 1322 1369 1338 1188 1098 1385 927
1505 1326 1519 1306 1489 1231 1260 1475 1350 1319 1192 1281 1263 1498 1666 1238 1556 1397 1333 1354 1164 1393 1582 1490 1389 1551 1405 1397 1122 1269 1283 1520 1264 1569 1562 1460 1368 1393 1228 1094 1223 1333 1343 1336 1415 1182 1202 1258 1231 1423 1158 1266 1460 1456 1352 1407 1488 1461 1512 1556 1282 1385 1612 1136
1193 1075 1234 1111 1335 1013 1189 1347 1166 1042 1160 1064 1200 1266 1302 1055 1387 1048 1226 1159 1069 1121 1326 1344 1156 1227 1236 1070 1010 1060 1096 1377 1050 1377 1253 1204 1098 1102 884 932 1194 1088 1176 1160 1139 893 943 1189 979 1271 991 1098 1217 1228 1135 1195 1327 1199 1388 1314 1095 1047 1320 852
1284 1415 1384 1311 1467 1227 1269 1440 1110 1353 1214 1325 1266 1558 1535 1154 1441 1352 1264 1378 1117 1315 1543 1540 1323 1366 1253 1288 1097 1237 1101 1353 1238 1368 1384 1252 1227 1386 1179 1152 1124 1251 1366 1296 1432 1273 1207 1279 1075 1328 1244 1114 1385 1487 1347 1279 1413 1420 1400 1215 1164 1158 1449 1093
1488 1184 1366 1278 1586 1267 1259 1494 1187 1286 1331 1267 1299 1556 1487 1062 1643 1313 1270 1186 1319 1313 1432 1615 1401 1399 1310 1376 1065 1360 1336 1358 1174 1525 1543 1264 1297 1398 1096 1254 1169 1293 1316 1599 1471 1134 1353 1336 1142 1553 1277 1314 1649 1417 1451 1406 1672 1467 1551 1375 1109 1297 1451 1146
1459 1396 1438 1336 1596 1210 1250 1459 1283 1286 1309 1323 1225 1614 1767 1249 1550 1294 1387 1234 1335 1240 1492 1502 1313 1531 1414 1426 1157 1263 1150 1365 1264 1575 1514 1387 1212 1410 1091 1124 1291 1398 1291 1389 1447 1173 1130 1369 1135 1267 1283 1236 1526 1651 1373 1526 1401 1438 1540 1354 1136 1386 1632 1085
1740 1510 1638 1430 1645 1440 1472 1567 1465 1342 1338 1407 1427 1700 1746 1395 1683 1402 1413 1550 1393 1455 1691 1626 1394 1624 1468 1518 1305 1407 1335 1565 1375 1616 1614 1468 1451 1597 1267 1310 1400 1437 1468 1444 1614 1373 1314 1483 1229 1571 1369 1417 1635 1684 1494 1549 1600 1623 1698 1640 1394 1527 1802 1187
1371 1246 1353 1302 1437 1218 1304 1380 1078 1331 1300 1162 1291 1554 1517 1140 1537 1256 1279 1186 1264 1372 1399 1575 1297 1351 1315 1376 1096 1234 1230 1452 1181 1481 1557 1255 1255 1291 1092 1036 1271 1350 1297 1357 1406 1141 1186 1289 1086 1459 1238 1322 1509 1326 1301 1463 1456 1441 1521 1394 1143 1283 1415 1103
1455 1240 1263 1139 1314 1174 1269 1346 1212 1176 1235 1216 1283 1348 1479 1147 1451 1112 1245 1066 1123 1200 1445 1410 1186 1386 1212 1234 1235 1235 1228 1323 1048 1434 1341 1235 1201 1276 1060 1107 1184 1218 1197 1172 1276 982 1150 1284 976 1342 1192 1397 1335 1419 1312 1293 1419 1346 1553 1357 1137 1246 1455 956
1243 1145 1347 1126 1372 1101 1094 1316 1207 1034 1050 1029 1129 1445 1413 1078 1505 1106 1084 1179 1148 1239 1330 1356 1194 1182 1257 1219 1001 1209 1138 1213 1134 1442 1195 1198 1202 1182 952 979 1060 1192 1102 1193 1251 1168 1004 1167 1101 1357 1102 1047 1376 1314 1201 1276 1326 1359 1301 1358 922 1174 1290 964
1596 1269 1314 1243 1392 1120 1161 1370 1184 1296 1028 999 1176 1500 1579 1174 1395 1201 1113 1157 1168 1160 1354 1343 1315 1396 1209 1298 1118 1151 1194 1324 1150 1402 1272 1242 1229 1322 1151 1108 1124 1265 1147 1362 1333 1081 1234 1263 1150 1346 1240 1230 1387 1496 1332 1177 1294 1447 1488 1291 1231 1026 1472 1045
1412 1282 1232 1239 1428 1127 1241 1424 1117 1215 1119 1169 1227 1421 1522 1103 1344 1255 1158 1231 1159 1128 1473 1364 1274 1370 1179 1166 1131 1245 1217 1343 1194 1445 1361 1267 1255 1154 1172 1021 1205 1395 1219 1237 1523 1107 1286 1374 1123 1336 1091 1190 1258 1389 1318 1232 1291 1329 1458 1259 1163 1233 1356 1044
1378 1166 1361 1094 1353 1209 1236 1371 1199 1228 1198 1193 1189 1377 1418 1192 1336 1090 1210 1227 1137 1202 1474 1342 1293 1420 1290 1100 1231 1175 1189 1292 1192 1449 1234 1290 1095 1186 1069 1126 1141 1230 1236 1195 1313 1108 1167 1316 1015 1367 1202 1113 1301 1533 1326 1284 1408 1518 1428 1261 1120 1264 1381 993
1611 1233 1472 1431 1518 1022 1164 1494 1193 1336 1241 1120 1313 1533 1575 1278 1536 1345 1099 1195 1168 1236 1542 1444 1276 1385 1312 1307 1171 1347 1211 1403 1253 1346 1396 1322 1250 1258 1229 1073 1272 1325 1146 1285 1399 1223 1273 1349 1148 1334 1177 1228 1366 1513 1383 1312 1375 1410 1608 1314 1100 1260 1559 1121
1462 1279 1345 1168 1553 1211 1223 1335 1316 1243 1269 1194 1232 1591 1638 1124 1364 1141 1306 1186 1222 1266 1565 1537 1357 1413 1331 1308 1154 1165 1201 1393 1178 1509 1402 1295 1238 1435 1171 1076 1280 1307 1370 1280 1388 1066 1080 1412 1107 1476 1163 1184 1419 1618 1395 1361 1495 1451 1491 1381 1272 1299 1554 1084
1294 1135 1298 1237 1374 1056 1158 1445 1208 1188 1197 1137 1230 1210 1471 983 1369 1136 1178 1204 1152 1163 1424 1424 1323 1317 1298 1108 1053 1109 1174 1354 1139 1344 1300 1247 1150 1208 975 954 1152 1102 1128 1205 1271 1101 1054 1114 966 1362 942 1166 1358 1374 1192 1151 1451 1298 1269 1265 1044 1115 1251 1000
1478 1304 1530 1367 1702 1340 1452 1588 1361 1233 1369 1382 1411 1686 1702 1275 1630 1383 1437 1335 1372 1426 1592 1659 1438 1477 1505 1484 1108 1420 1357 1536 1304 1697 1567 1330 1338 1571 1236 1171 1373 1393 1445 1485 1527 1272 1232 1432 1204 1716 1191 1361 1680 1570 1393 1516 1566 1554 1599 1480 1147 1452 1653 1152
1454 1173 1286 1111 1337 1172 1232 1376 1101 1155 1130 1117 1214 1449 1326 1001 1416 1157 1095 1114 1145 1186 1353 1309 1281 1359 1151 1136 1090 1268 1197 1304 1145 1368 1436 1337 1167 1302 1054 1191 1091 1320 1263 1297 1347 1048 1113 1154 1086 1270 1172 1130 1308 1241 1214 1283 1329 1346 1544 1223 1024 1265 1373 1030
1584 1246 1446 1394 1548 1214 1226 1566 1184 1469 1299 1152 1231 1586 1683 1239 1469 1377 1317 1226 1268 1372 1485 1593 1454 1436 1365 1368 1130 1425 1146 1471 1232 1518 1434 1356 1258 1279 1310 979 1280 1346 1288 1369 1449 1198 1288 1381 1082 1445 1171 1204 1485 1548 1468 1361 1307 1414 1640 1368 1147 1296 1467 1134
1478 1153 1345 1230 1469 1163 1291 1448 1141 1171 1308 1270 1350 1546 1584 1145 1438 1125 1312 1093 1170 1265 1488 1499 1360 1453 1212 1339 1217 1386 1281 1339 1157 1499 1376 1288 1205 1346 1220 1051 1158 1344 1309 1313 1495 1201 1277 1349 1040 1500 1222 1221 1392 1523 1428 1301 1433 1421 1615 1278 1054 1294 1330 1091
1564 1415 1414 1271 1588 1346 1245 1557 1366 1191 1358 1369 1264 1563 1515 1293 1534 1277 1305 1333 1256 1252 1594 1603 1336 1381 1296 1323 1224 1432 1243 1353 1240 1472 1394 1442 1381 1354 1241 1111 1259 1296 1325 1368 1630 1318 1342 1506 1106 1425 1200 1255 1439 1630 1546 1364 1394 1414 1679 1401 1252 1248 1552 1097
1299 1322 1251 1247 1479 1210 1209 1492 1113 1270 1314 1050 1178 1320 1552 1202 1352 1270 1187 1190 1228 1310 1516 1466 1333 1301 1374 1204 1095 1235 1056 1429 1194 1416 1298 1219 1262 1215 1213 939 1153 1216 1202 1275 1245 1082 1043 1207 1018 1338 960 1051 1364 1317 1208 1271 1280 1322 1475 1070 1073 1236 1347 991
1415 1256 1274 1079 1345 1064 1079 1355 1080 1225 1130 1204 1058 1450 1432 1062 1238 1179 1021 975 1222 952 1350 1281 1275 1286 1178 1074 1075 1203 1089 1108 1081 1413 1361 1252 1094 1254 1068 1011 1160 1269 1070 1228 1298 962 1155 1195 1017 1229 1083 1103 1228 1499 1231 1212 1283 1198 1465 1123 1127 1279 1394 947
1707 1425 1555 1277 1633 1244 1330 1529 1194 1334 1330 1446 1410 1641 1671 1318 1644 1342 1228 1322 1267 1329 1789 1579 1400 1522 1394 1489 1315 1470 1303 1390 1324 1575 1429 1485 1255 1541 1309 1378 1239 1600 1400 1478 1677 1331 1310 1500 1186 1461 1436 1325 1456 1686 1535 1553 1464 1597 1624 1347 1196 1455 1614 1144
1546 1197 1458 1377 1425 1193 1108 1395 1038 1233 1202 1076 1124 1447 1504 1071 1356 1176 1123 1310 1209 1120 1396 1417 1246 1303 1151 1144 1070 1180 1179 1291 1214 1324 1367 1323 1173 1163 1148 1031 1150 1187 1106 1127 1374 1153 1049 1296 939 1292 1116 1168 1404 1389 1236 1392 1259 1455 1410 1328 936 1267 1317 954
1626 1424 1519 1514 1652 1367 1276 1449 1248 1372 1299 1225 1308 1638 1755 1370 1453 1283 1327 1323 1266 1342 1661 1554 1345 1547 1407 1430 1266 1247 1240 1480 1303 1546 1477 1328 1238 1463 1263 1098 1392 1389 1390 1339 1523 1210 1214 1439 1060 1451 1270 1226 1506 1516 1416 1586 1427 1478 1620 1411 1320 1373 1679 1134
1516 1288 1304 1273 1605 1323 1152 1314 1240 1381 1299 1176 1269 1487 1412 1104 1489 1196 1075 1213 1170 1269 1422 1477 1333 1418 1392 1290 920 1321 1265 1455 1246 1310 1417 1521 1234 1300 1052 1137 1195 1339 1322 1502 1298 1123 1223 1241 1147 1389 1194 1184 1452 1521 1469 1345 1429 1360 1473 1470 1154 1224 1515 1041
1287 1079 1156 1043 1424 1113 1104 1332 1155 1130 1286 1080 1180 1389 1339 902 1265 1217 1114 1134 1152 1181 1293 1360 1217 1170 1276 1095 1020 1219 1055 1241 1032 1176 1203 1303 1093 1269 892 1138 1086 1115 1108 1239 1260 1115 1049 1106 946 1262 1045 1019 1399 1392 1329 1245 1271 1341 1312 1178 975 1195 1334 1109
1332 1164 1395 1198 1529 1135 1225 1427 1153 1232 1303 1206 1217 1361 1556 1198 1413 1162 1337 1200 1179 1233 1381 1463 1362 1323 1440 1293 1103 1087 1167 1389 1144 1585 1380 1204 1186 1259 1091 966 1285 1254 1176 1359 1417 1008 1108 1218 1060 1424 1065 1105 1434 1398 1182 1381 1367 1300 1419 1260 1138 1106 1373 1089
1554 1217 1436 1310 1532 1167 1247 1304 1044 1287 1276 1282 1281 1507 1511 1087 1333 1259 1299 1244 1211 1109 1505 1486 1319 1312 1284 1259 1056 1094 1145 1342 1123 1403 1332 1268 1066 1314 1138 1209 1133 1323 1238 1264 1403 1145 1269 1326 1047 1339 1234 1265 1369 1477 1385 1426 1325 1525 1496 1275 1143 1229 1447 1115
1637 1392 1667 1512 1698 1333 1364 1643 1376 1423 1375 1282 1393 1779 1762 1238 1704 1443 1398 1405 1462 1311 1673 1604 1532 1572 1554 1443 1132 1379 1392 1542 1444 1807 1549 1451 1429 1560 1369 1160 1298 1439 1415 1598 1517 1264 1264 1390 1292 1579 1330 1415 1663 1800 1473 1464 1554 1605 1640 1458 1250 1358 1709 1185
1494 1179 1303 1150 1344 1112 1235 1331 1152 1074 1157 1099 1198 1321 1363 1043 1383 1119 1170 1201 1154 1183 1462 1396 1181 1273 1250 1168 1090 1246 1218 1286 1110 1328 1280 1327 1137 1327 1155 1086 1078 1341 1222 1197 1254 1079 1080 1171 1080 1327 1138 1096 1344 1388 1182 1153 1464 1427 1434 1219 980 1242 1427 1053
1516 1287 1508 1480 1697 1308 1355 1512 1329 1294 1379 1316 1410 1623 1745 1217 1581 1358 1367 1324 1396 1400 1671 1642 1316 1562 1435 1477 1108 1476 1365 1519 1356 1533 1561 1314 1402 1533 1254 1221 1224 1474 1351 1472 1462 1313 1255 1441 1118 1536 1287 1441 1548 1553 1629 1597 1547 1491 1701 1489 1250 1548 1586 1051
1390 1203 1364 1219 1401 1182 1230 1568 1331 1325 1267 1193 1207 1363 1493 1095 1468 1269 1374 1183 1289 1208 1449 1524 1379 1542 1253 1137 1056 1196 1206 1483 1144 1618 1529 1329 1235 1343 1184 1079 1256 1294 1206 1349 1417 1041 1159 1207 1104 1373 1111 1208 1452 1451 1252 1281 1497 1332 1510 1339 1185 1274 1367 1092
1436 1237 1320 1177 1333 1151 1203 1322 1089 1336 1163 1152 1210 1412 1435 1107 1433 1120 1189 1215 995 1258 1423 1405 1200 1434 1310 1152 1106 1087 1117 1401 1078 1344 1376 1401 1051 1332 1137 1146 1247 1144 1212 1231 1320 1015 1061 1148 1043 1289 1128 1224 1370 1462 1288 1311 1365 1337 1422 1392 1046 1178 1406 1008
1461 1206 1281 1224 1355 1133 1160 1406 1204 1192 1157 1131 1114 1421 1519 1081 1345 1112 1192 1212 1152 1187 1562 1379 1257 1368 1283 1225 1099 1278 1167 1461 1191 1378 1418 1285 1260 1283 1192 971 1203 1246 1267 1279 1295 1043 1119 1339 1072 1421 1150 1246 1301 1484 1383 1239 1330 1403 1459 1285 1146 1361 1401 970
1149 976 1272 1147 1359 1016 1002 1214 1035 1022 1058 902 1049 1260 1320 906 1065 1086 1109 1131 878 1084 1394 1224 994 1056 1134 1072 845 1070 982 1094 1042 1209 1089 988 943 1140 1081 872 1001 1121 1174 884 1122 1035 929 1188 796 1289 974 878 1220 1256 1106 1112 1222 1152 1189 995 898 870 1209 903
1243 1217 1351 1228 1370 1155 1248 1439 1106 1067 1369 1104 1207 1461 1371 1063 1403 1099 1124 956 1158 1099 1362 1518 1236 1292 1189 1244 1066 1272 1251 1194 1173 1422 1296 1198 1060 1168 964 1107 1038 1358 1170 1214 1262 1160 1111 1086 965 1267 1201 1057 1335 1266 1246 1304 1422 1342 1365 1114 956 1252 1171 958
1548 1242 1563 1421 1580 1347 1343 1515 1275 1151 1263 1309 1359 1551 1781 1228 1415 1181 1413 1349 1304 1358 1534 1623 1300 1439 1292 1365 1171 1227 1359 1515 1262 1546 1479 1367 1369 1481 1194 1145 1232 1387 1307 1305 1468 1296 1202 1489 1148 1566 1199 1330 1539 1503 1472 1535 1359 1575 1558 1524 1198 1377 1614 1051
