1371 1106 1244 1218 1136 1235 1314 1380 1285 1297 1298 1215 1272 1289 1314 1294 1422 1388 1276 1434 1263 1395 1345 1371 1261 1349 1342 1393 1087 1373 1258 1222 1297 1161 1275 1363 1522 954 1402 1275 1487 1130 1260 1189 1314 1140 1108 1350 1395 1232 1408 1182 1173 1171 1279 1204 1505 1519 1311 1054 1493 1429 1291 1049
1425 1249 1425 1254 1132 1366 1285 1400 1258 1437 1203 1187 1148 1296 1130 1267 1413 1398 1228 1455 1211 1295 1189 1252 1379 1332 1228 1553 1102 1289 1209 1295 1362 1213 1308 1445 1408 1188 1500 1341 1511 1288 1337 1255 1282 1272 1174 1408 1455 1187 1398 1262 1179 1302 1217 1373 1571 1520 1329 1122 1422 1292 1493 974
1499 1274 1340 1234 1248 1283 1421 1297 1299 1395 1171 1139 1120 1340 1249 1279 1479 1327 1264 1448 1257 1365 1297 1521 1349 1354 1190 1367 1144 1557 1262 1273 1270 1188 1213 1349 1411 1198 1386 1246 1547 1424 1295 1212 1296 1220 1127 1368 1415 1286 1415 1248 1317 1350 1498 1344 1591 1619 1403 1211 1520 1419 1360 1182
1402 1154 1382 1183 1186 1259 1435 1410 1339 1316 1334 1127 1226 1258 1187 1164 1503 1306 1337 1224 1173 1352 1453 1423 1286 1318 1196 1407 1049 1457 1264 1262 1162 1168 1305 1273 1554 1078 1313 1248 1537 1192 1285 1005 1098 1163 1214 1450 1330 1174 1428 1247 1232 1252 1395 1341 1459 1435 1312 1050 1397 1207 1338 1117
1245 1184 1258 1107 1053 1067 1200 1198 1178 1172 1099 892 952 1016 1013 1029 1349 927 1021 1230 1132 1169 1143 1376 1168 1107 1095 1175 957 1078 1059 1221 1178 1049 1239 1063 1379 939 1264 1066 1298 1116 1159 1057 922 1024 1067 1002 1155 1027 1189 1206 1196 1125 1271 1111 1264 1230 1165 1081 1251 963 1162 1099
1415 1198 1511 1271 1317 1327 1448 1457 1397 1315 1191 1163 1281 1318 1300 1263 1460 1512 1312 1423 1300 1369 1361 1506 1228 1479 1338 1502 1120 1545 1423 1340 1325 1319 1344 1441 1491 1235 1536 1335 1791 1344 1516 1289 1265 1319 1157 1441 1507 1259 1649 1395 1323 1461 1424 1374 1656 1550 1392 1117 1452 1478 1421 1235
1298 1228 1268 1175 1078 1286 1182 1345 1288 1158 1282 1042 1041 1169 1173 1083 1446 1185 1013 1362 1111 1232 1159 1363 1254 1181 1192 1297 1040 1336 1195 971 1314 999 1252 1268 1501 981 1311 1196 1393 1183 1116 1170 957 1124 1113 1277 1200 1088 1268 1147 1115 1042 1293 1092 1449 1370 1254 1084 1346 1167 1306 1072
1314 1200 1345 1209 1147 1181 1236 1304 1289 1189 1268 1032 1163 1161 1102 1097 1431 1347 1174 1249 1134 1252 1234 1257 1229 1186 1218 1292 1007 1169 1205 1326 1243 1063 1284 1312 1531 1061 1289 1235 1552 1152 1324 1134 1096 1092 1123 1304 1360 1194 1335 1052 1177 1130 1352 1132 1462 1360 1246 1017 1389 1248 1275 1065
1376 1375 1349 1380 1216 1323 1444 1333 1440 1419 1275 1253 1109 1287 1234 1201 1544 1406 1199 1464 1227 1358 1240 1423 1426 1305 1324 1354 1189 1383 1295 1419 1379 1094 1309 1463 1516 1111 1348 1142 1600 1400 1194 1307 1206 1293 1144 1475 1399 1171 1292 1089 1283 1303 1369 1287 1588 1565 1276 1237 1432 1394 1270 1257
1317 1136 1342 1187 1094 1311 1535 1323 1351 1294 1230 1145 1201 1311 1234 1122 1492 1420 1126 1355 1318 1446 1440 1565 1280 1251 1201 1426 1014 1389 1318 1435 1337 1010 1320 1396 1496 1063 1416 1318 1524 1230 1263 1176 1065 1207 1120 1350 1414 1149 1484 1200 1357 1258 1451 1168 1414 1385 1230 1172 1371 1311 1265 1198
1390 1215 1398 1201 1140 1359 1319 1401 1437 1337 1246 1165 1123 1285 1182 1078 1422 1452 1262 1516 1110 1364 1278 1535 1379 1335 1091 1335 1195 1420 1273 1354 1251 1052 1338 1466 1536 1099 1472 1215 1628 1252 1330 1345 1200 1327 1101 1332 1371 1292 1457 1235 1258 1350 1493 1327 1545 1479 1304 1106 1420 1388 1321 1124
1372 1237 1411 1288 1213 1324 1377 1486 1352 1294 1366 1113 1311 1156 1231 1316 1521 1399 1232 1418 1204 1417 1393 1423 1476 1432 1385 1444 1092 1518 1263 1252 1391 1170 1351 1382 1474 1145 1413 1222 1548 1259 1278 1360 1140 1325 1244 1388 1452 1213 1345 1353 1310 1392 1418 1167 1713 1522 1246 1155 1432 1425 1349 1332
1217 1093 1273 1152 1063 1073 1192 1292 1208 1146 1053 955 1112 1216 1044 1050 1361 1118 1038 1196 1084 1091 1128 1269 1114 1082 1101 1116 1089 1343 1174 991 1176 1077 1109 1165 1304 1139 1183 1148 1406 1099 1172 985 1068 1117 1030 1324 1178 1089 1174 1203 1115 1175 1229 1147 1363 1387 1216 881 1401 1075 1282 1075
1301 1199 1244 1194 1083 1149 1257 1295 1246 1299 1115 1042 1093 1131 1098 1057 1343 1223 1171 1332 1138 1251 1121 1344 1242 1212 1082 1247 1077 1307 1219 1256 1155 1129 1154 1218 1300 1059 1317 1146 1500 1166 1220 1183 1136 1148 983 1269 1165 1196 1223 1153 1103 1143 1218 1214 1568 1481 1165 1040 1316 1226 1240 1079
1484 1320 1567 1374 1236 1493 1503 1388 1541 1327 1344 1140 1250 1435 1298 1282 1589 1485 1177 1504 1334 1359 1385 1631 1351 1375 1287 1516 1222 1478 1415 1439 1468 1272 1230 1532 1671 1325 1402 1388 1756 1355 1364 1270 1206 1336 1146 1399 1430 1434 1499 1279 1369 1474 1483 1253 1575 1688 1383 1330 1487 1381 1447 1272
1288 1182 1245 1133 1115 1185 1321 1301 1185 1186 1167 1007 1090 1239 1185 1126 1372 1356 1228 1194 1135 1288 1267 1363 1322 1241 1193 1404 958 1368 1255 1313 1220 1128 1175 1248 1363 1097 1376 1089 1491 1192 1283 1127 1226 1179 1119 1324 1272 1108 1334 1138 1219 1316 1343 1138 1461 1387 1207 1108 1302 1306 1290 959
1409 1215 1414 1263 1113 1368 1332 1391 1392 1321 1259 1198 1170 1369 1269 1217 1338 1360 1224 1435 1254 1267 1335 1530 1404 1252 1151 1404 1138 1357 1295 1292 1364 1115 1269 1452 1495 1193 1464 1249 1512 1150 1353 1140 1225 1311 1143 1269 1258 1230 1453 1327 1256 1304 1379 1280 1469 1475 1206 1178 1468 1349 1270 1106
1351 1132 1358 1293 1245 1268 1365 1267 1237 1256 1189 1078 1191 1316 1165 1078 1421 1310 1165 1191 1141 1337 1172 1373 1279 1192 1201 1299 1056 1389 1212 1334 1250 1218 1219 1353 1600 1031 1300 1107 1459 1310 1200 1063 1048 1118 1121 1371 1393 1190 1361 1162 1332 1235 1466 1273 1532 1428 1147 1116 1290 1321 1291 1197
1451 1431 1383 1348 1328 1491 1481 1452 1691 1402 1331 1215 1198 1395 1379 1339 1705 1469 1294 1630 1268 1428 1327 1632 1523 1505 1154 1411 1183 1556 1353 1348 1341 1242 1417 1528 1504 1208 1514 1276 1606 1405 1458 1408 1241 1351 1156 1464 1371 1352 1600 1279 1317 1435 1506 1375 1660 1620 1339 1280 1463 1391 1326 1133
1458 1425 1471 1289 1310 1412 1308 1439 1460 1411 1339 1209 1118 1334 1323 1250 1599 1397 1305 1581 1197 1442 1424 1649 1567 1424 1358 1448 1249 1483 1389 1315 1414 1197 1346 1519 1570 1215 1437 1151 1666 1400 1351 1445 1205 1420 1230 1375 1398 1313 1537 1350 1293 1353 1406 1303 1641 1583 1332 1171 1591 1457 1403 1224
1420 1280 1440 1231 1277 1356 1307 1349 1378 1216 1273 1252 1181 1163 1237 1338 1425 1294 1140 1479 1235 1343 1261 1407 1502 1272 1312 1420 1136 1387 1289 1190 1323 1062 1278 1388 1462 1255 1435 1149 1512 1131 1371 1267 1090 1216 1100 1437 1417 1146 1413 1099 1281 1173 1294 1319 1486 1530 1293 1066 1374 1446 1361 1130
1664 1420 1655 1306 1386 1535 1675 1655 1441 1566 1452 1280 1523 1380 1364 1414 1698 1662 1556 1594 1420 1621 1570 1650 1586 1557 1355 1605 1231 1790 1545 1557 1459 1365 1494 1475 1639 1387 1579 1499 1753 1439 1526 1449 1368 1536 1409 1688 1605 1453 1576 1438 1438 1468 1637 1547 1783 1789 1602 1380 1714 1583 1621 1311
1515 1297 1575 1170 1261 1400 1417 1469 1320 1412 1331 1135 1260 1368 1198 1237 1465 1359 1267 1414 1258 1357 1349 1482 1330 1347 1295 1464 1090 1488 1321 1447 1306 1186 1353 1305 1587 1178 1405 1288 1558 1204 1450 1201 1108 1300 1246 1287 1461 1276 1469 1288 1376 1409 1459 1386 1527 1441 1301 1195 1424 1312 1507 1128
1372 1156 1400 1144 1213 1193 1204 1353 1342 1179 1178 1147 1029 1195 1131 1063 1397 1255 1130 1332 1166 1164 1094 1323 1323 1231 1085 1220 1033 1308 1180 987 1081 1056 1164 1220 1427 1120 1373 1138 1455 1060 1276 1197 1062 1061 994 1229 1165 1197 1368 1148 1103 1053 1252 1177 1489 1348 1243 936 1307 1121 1289 1024
1443 1291 1498 1275 1124 1409 1305 1432 1321 1363 1311 1236 1204 1368 1167 1334 1410 1418 1171 1476 1172 1333 1237 1360 1362 1311 1281 1518 1205 1494 1349 1259 1360 1101 1371 1388 1520 1116 1414 1309 1662 1270 1297 1235 1315 1275 1153 1539 1466 1149 1393 1193 1322 1291 1368 1242 1596 1528 1345 1078 1460 1409 1510 1005
1451 1397 1343 1310 1171 1397 1388 1460 1368 1339 1178 1161 1183 1405 1308 1268 1594 1385 1310 1335 1282 1381 1308 1485 1366 1341 1183 1337 1142 1254 1265 1370 1366 1159 1311 1577 1572 1208 1486 1347 1633 1278 1474 1162 1297 1192 1131 1391 1495 1071 1474 1204 1284 1182 1483 1388 1535 1652 1385 1040 1447 1322 1521 1042
1428 1148 1333 1329 1107 1243 1422 1262 1286 1283 1263 1022 1220 1303 1162 1170 1468 1306 1209 1335 1131 1282 1242 1397 1245 1269 1111 1321 1135 1551 1315 1254 1269 1113 1267 1295 1606 1017 1232 1191 1583 1364 1122 1118 1156 1191 1151 1529 1319 1150 1279 1063 1296 1252 1413 1308 1421 1519 1261 1194 1528 1323 1274 1093
1323 1172 1340 1227 1160 1224 1168 1326 1242 1148 1199 964 1079 1209 1085 1177 1347 1279 1100 1130 984 1191 1196 1351 1290 1197 1075 1186 1069 1269 1112 1191 1193 1180 1169 1276 1348 1115 1196 1049 1478 1209 1207 1160 1105 1175 1177 1240 1329 1182 1332 1124 1173 1320 1311 1167 1437 1344 1154 1010 1412 1207 1235 1045
1480 1120 1501 1300 1119 1193 1404 1389 1350 1341 1261 1115 1187 1284 1132 1160 1428 1439 1179 1347 1131 1309 1215 1383 1327 1274 1221 1361 1181 1455 1245 1349 1260 1129 1191 1415 1457 1156 1295 1307 1463 1214 1267 1225 1169 1186 1126 1312 1317 1291 1320 1179 1371 1337 1474 1332 1418 1562 1226 1169 1445 1339 1347 1196
1316 1249 1343 1214 1246 1298 1270 1282 1274 1268 1240 1104 1169 1260 1168 1204 1517 1179 1179 1368 1254 1367 1272 1263 1319 1165 1136 1255 974 1262 1240 1176 1405 1189 1245 1343 1454 1193 1412 1126 1423 1200 1216 1236 1020 1157 1048 1190 1418 1278 1298 1213 1290 1165 1263 1138 1536 1418 1188 1066 1414 1243 1365 1124
1333 1208 1327 1168 1150 1190 1294 1425 1232 1228 1182 983 1061 1168 1138 1157 1322 1274 1121 1232 1096 1253 1325 1361 1354 1221 1174 1377 1015 1361 1188 1296 1249 1194 1212 1245 1361 1125 1244 1161 1449 1345 1163 1185 1067 1282 1191 1270 1256 1053 1313 1285 1276 1296 1423 1131 1417 1289 1198 1231 1332 1175 1298 1156
1486 1311 1487 1310 1127 1429 1337 1525 1320 1300 1207 1149 1077 1287 1117 1237 1507 1289 1180 1420 1259 1378 1429 1425 1630 1332 1286 1496 1045 1454 1246 1343 1303 1105 1328 1392 1606 1220 1504 1257 1541 1352 1320 1224 1122 1304 1264 1359 1455 1155 1432 1291 1363 1285 1558 1343 1571 1369 1375 1206 1345 1223 1521 1216
1361 1215 1412 1201 1182 1346 1368 1334 1216 1366 1323 1091 1061 1260 1135 1137 1316 1290 1191 1284 1041 1289 1274 1488 1375 1335 1127 1436 1014 1405 1193 1313 1140 1037 1369 1324 1413 1051 1377 1190 1575 1366 1337 1286 1158 1249 1250 1175 1318 1138 1425 1209 1205 1319 1375 1249 1563 1456 1257 1170 1225 1255 1380 1120
1363 1112 1205 1255 980 1181 1198 1352 1333 1255 1242 1079 1102 1318 1232 1193 1359 1274 1213 1403 1036 1260 1220 1207 1338 1193 1079 1416 1150 1371 1266 1244 1253 1119 1244 1359 1405 1141 1377 1125 1432 1132 1272 1138 1198 1321 1047 1333 1300 1152 1299 1072 1173 1284 1283 1236 1429 1426 1108 967 1450 1393 1301 1017
1387 1236 1471 1324 1259 1449 1327 1433 1381 1208 1322 1225 1191 1216 1176 1165 1418 1412 1106 1486 1110 1330 1244 1387 1437 1301 1278 1408 1005 1204 1266 1303 1342 1093 1365 1446 1564 1112 1408 1276 1521 1266 1322 1254 1155 1243 1225 1389 1364 1207 1457 1134 1330 1229 1495 1255 1513 1567 1300 1217 1324 1305 1443 1032
1557 1506 1512 1306 1236 1285 1386 1468 1508 1536 1357 1117 1229 1329 1204 1180 1557 1437 1320 1567 1228 1337 1356 1531 1314 1402 1289 1533 1154 1504 1410 1478 1409 1247 1344 1387 1483 1237 1315 1343 1711 1362 1468 1371 1228 1428 1261 1452 1396 1280 1367 1232 1250 1460 1536 1368 1570 1600 1361 1291 1612 1366 1435 1174
1502 1243 1445 1382 1242 1334 1414 1290 1311 1317 1231 1198 1147 1302 1227 1290 1434 1399 1283 1430 1227 1184 1130 1286 1363 1277 1154 1397 1200 1365 1390 1345 1283 1348 1252 1451 1494 1273 1350 1186 1566 1330 1302 1303 1187 1341 1056 1469 1389 1187 1412 1228 1325 1381 1304 1299 1540 1616 1319 1210 1533 1414 1428 1152
1468 1090 1400 1225 1090 1332 1330 1401 1374 1242 1262 1087 1079 1293 1230 1275 1544 1250 1231 1440 1192 1336 1231 1376 1422 1355 1258 1378 1126 1426 1250 1329 1315 1106 1371 1329 1434 1040 1365 1182 1496 1252 1222 1203 1162 1255 1109 1290 1410 1180 1368 1168 1393 1303 1403 1282 1518 1423 1220 1068 1404 1328 1365 1219
1248 1094 1367 1163 1138 1216 1164 1244 1245 1193 1096 1096 1004 1233 1241 1100 1332 1294 1079 1364 1114 1012 1132 1269 1294 1105 1092 1290 1071 1327 1296 1112 1272 1134 1045 1296 1344 1181 1218 1168 1415 1126 1224 996 1110 1308 970 1314 1215 1125 1358 1053 1114 1157 1222 1145 1440 1414 1179 1058 1328 1242 1349 1016
1174 1134 1330 1125 1056 1092 1178 1179 1161 1093 1132 1047 889 1070 941 853 1365 1230 986 1144 979 1131 968 1252 1245 1132 1004 1202 912 1157 1180 1171 1103 926 1092 1142 1314 1008 1177 958 1388 1069 1166 1087 945 1061 999 1100 1176 987 1258 938 1093 1119 1194 1072 1362 1265 1073 946 1128 1183 1216 961
1528 1432 1504 1385 1329 1437 1581 1635 1588 1301 1385 1337 1368 1446 1323 1293 1569 1503 1236 1477 1332 1481 1337 1599 1586 1416 1372 1381 1273 1623 1395 1482 1315 1191 1531 1590 1780 1216 1474 1303 1734 1455 1340 1442 1230 1271 1323 1604 1577 1364 1519 1281 1500 1255 1583 1406 1702 1602 1431 1266 1473 1473 1359 1455
1271 1132 1294 1137 1072 1114 1262 1360 1184 1327 1139 937 1234 1254 1124 1169 1380 1270 1273 1278 1120 1200 1138 1181 1216 1356 1121 1275 1064 1451 1303 1219 1149 1188 1326 1308 1455 1198 1234 1175 1470 1248 1283 1146 1200 1257 1080 1282 1251 1099 1352 1150 1109 1259 1158 1241 1460 1441 1185 1022 1398 1348 1199 1074
1242 1342 1337 1220 1163 1321 1430 1483 1401 1180 1228 1106 1155 1231 1189 1283 1506 1318 1143 1278 1138 1290 1298 1436 1307 1279 1201 1325 1100 1409 1237 1201 1243 1105 1230 1317 1418 1207 1401 1198 1538 1346 1297 1234 1101 1186 1106 1466 1278 1139 1303 1173 1319 1234 1450 1197 1542 1557 1249 1140 1459 1240 1317 1164
1181 1238 1170 1070 1081 1256 1171 1261 1282 1111 1057 1112 1123 1236 1191 1192 1341 1288 1157 1227 1094 1224 1232 1284 1210 1113 1003 1156 997 1208 1112 1012 1296 1034 1096 1253 1300 1135 1310 1132 1431 1039 1128 978 1085 1110 870 1369 1262 1065 1326 1075 1130 968 1227 1084 1436 1443 1217 920 1397 1260 1262 982
1360 1254 1478 1308 1179 1351 1427 1434 1397 1380 1251 1092 1014 1255 1141 1045 1466 1422 1257 1349 1159 1326 1264 1515 1384 1357 1107 1429 1043 1345 1219 1255 1242 1144 1297 1361 1575 1122 1356 1280 1552 1211 1407 1248 1135 1198 1143 1150 1284 1244 1610 1256 1335 1258 1437 1270 1533 1550 1243 1220 1246 1189 1380 1073
1430 1282 1503 1154 1296 1400 1326 1414 1297 1370 1215 1194 1015 1164 1265 1111 1433 1421 1255 1480 1161 1316 1223 1531 1552 1342 1181 1361 1200 1393 1248 1240 1320 1188 1367 1305 1438 1109 1330 1192 1464 1226 1286 1234 1226 1285 1161 1324 1341 1227 1548 1387 1338 1298 1348 1246 1680 1548 1345 1212 1277 1305 1366 1060
1429 1326 1300 1138 1069 1306 1282 1307 1287 1316 1224 1099 1045 1250 1192 1219 1493 1274 1180 1338 1106 1336 1238 1576 1418 1324 1177 1415 1125 1485 1190 1221 1337 1114 1221 1328 1427 1065 1275 1190 1443 1325 1193 1189 1136 1246 1181 1377 1233 1113 1348 1262 1211 1252 1380 1297 1470 1423 1234 1219 1466 1288 1278 1107
1361 1382 1367 1106 1243 1294 1310 1453 1406 1264 1235 1092 1246 1211 1245 1105 1409 1428 1324 1414 1197 1307 1325 1620 1375 1424 1331 1461 1084 1446 1342 1321 1308 1233 1215 1455 1505 1179 1368 1159 1548 1272 1442 1287 1077 1333 1107 1320 1362 1305 1464 1297 1228 1379 1447 1290 1523 1524 1269 1242 1470 1433 1301 1150
1452 1223 1478 1292 1144 1116 1366 1393 1269 1221 1300 1092 1154 1227 1067 1173 1410 1184 1143 1388 1264 1302 1285 1336 1439 1251 1144 1324 1066 1321 1240 1343 1101 1094 1405 1252 1466 1104 1284 1255 1473 1054 1264 1277 1041 1247 1116 1285 1287 1176 1316 1171 1371 1087 1442 1231 1436 1338 1273 1105 1399 1240 1300 1086
1222 1189 1100 1042 1049 1028 1153 1082 1192 1226 1128 969 1083 1212 1074 1067 1225 1100 1109 1159 947 1230 1090 1340 1082 1134 990 1178 925 1291 989 1211 1143 1017 1197 1214 1275 943 1177 927 1312 1098 1159 932 1041 1048 957 1209 1233 1117 1212 979 1049 1192 1200 1196 1281 1252 1065 998 1152 1226 1037 952
1399 1214 1427 1251 1041 1181 1392 1453 1324 1321 1285 1084 1268 1347 1165 1246 1463 1318 1293 1488 1104 1392 1192 1405 1385 1444 1254 1427 1191 1537 1422 1366 1249 1237 1287 1452 1569 1195 1457 1249 1675 1359 1260 1309 1248 1402 1239 1321 1218 1266 1423 1169 1283 1322 1373 1283 1487 1542 1215 1179 1428 1326 1291 1094
1405 1154 1425 1240 1145 1210 1418 1370 1390 1271 1305 1135 1245 1299 1166 1073 1464 1368 1206 1365 1159 1334 1265 1516 1313 1337 1206 1506 1029 1532 1370 1291 1288 1075 1300 1394 1544 1041 1427 1247 1573 1183 1328 1211 1107 1280 1238 1329 1405 1155 1398 1134 1298 1316 1407 1370 1473 1384 1227 1124 1425 1432 1341 1168
1515 1184 1432 1231 1192 1402 1481 1444 1430 1385 1384 1208 1329 1328 1291 1170 1599 1452 1324 1545 1222 1369 1347 1458 1391 1353 1142 1436 1102 1489 1300 1264 1393 1083 1342 1433 1630 1174 1468 1351 1555 1251 1336 1198 1183 1378 1172 1496 1383 1309 1412 1214 1340 1296 1554 1264 1608 1578 1416 1189 1539 1371 1442 1187
1443 1383 1337 1189 1246 1366 1463 1360 1343 1422 1267 1178 1238 1273 1318 1323 1477 1368 1348 1394 1291 1335 1383 1584 1507 1369 1248 1499 1107 1506 1340 1378 1397 1116 1349 1463 1493 1200 1452 1307 1620 1290 1299 1233 1267 1326 1172 1451 1419 1053 1343 1277 1336 1296 1411 1279 1603 1561 1423 1210 1469 1495 1425 1203
1489 1274 1485 1299 1268 1465 1562 1483 1409 1365 1388 1128 1328 1341 1323 1396 1552 1464 1195 1489 1444 1419 1466 1496 1405 1310 1369 1561 1081 1496 1417 1320 1554 1177 1478 1401 1698 1212 1552 1379 1625 1335 1506 1267 1284 1243 1261 1654 1620 1312 1461 1317 1465 1323 1530 1254 1623 1455 1354 1341 1612 1359 1388 1229
1240 1113 1164 1052 951 1021 1190 1247 1110 1227 1014 955 947 1085 970 1061 1199 1012 1055 1143 987 1228 1083 1296 1195 1211 990 1154 984 1164 1022 1162 1117 1049 1121 1178 1359 934 1264 971 1297 1135 1007 1033 1048 977 989 1023 1213 1066 1199 1147 1179 1112 1247 1113 1323 1259 1034 1021 1159 1112 1080 1107
1308 1264 1348 1168 1206 1334 1348 1442 1297 1271 1164 1162 1109 1220 1184 1243 1350 1211 1139 1345 1250 1296 1342 1377 1368 1260 1235 1333 1169 1389 1290 1142 1247 1197 1261 1333 1445 1251 1396 1177 1501 1375 1174 1288 1135 1205 1038 1318 1397 1247 1330 1325 1235 1193 1307 1149 1581 1536 1292 1096 1356 1212 1357 1268
1439 1310 1369 1243 1239 1364 1365 1321 1295 1315 1209 1111 1154 1304 1277 1234 1488 1372 1186 1335 1258 1263 1237 1394 1331 1180 1217 1343 1057 1425 1194 1240 1324 1083 1283 1405 1442 1220 1377 1322 1593 1343 1403 1169 1118 1162 1144 1433 1461 1200 1385 1114 1201 1150 1314 1307 1571 1541 1363 1132 1457 1306 1486 1123
1306 1228 1194 1059 1027 1142 1166 1358 1151 1287 1016 953 951 1150 1185 1135 1318 1202 1132 1188 1033 1149 1074 1349 1270 1245 1163 1248 1118 1425 1206 1169 1218 1056 1179 1247 1311 1037 1185 1148 1422 1352 1148 1159 1214 1178 1033 1200 1375 1013 1173 1158 1177 1232 1217 1224 1530 1285 1126 1088 1294 1238 1245 1174
1277 1136 1312 1078 1051 1180 1257 1396 1094 1194 1140 1054 1099 1243 1191 1245 1386 1263 1233 1337 1115 1346 1331 1370 1392 1272 1203 1376 1102 1389 1207 1210 1357 1145 1203 1259 1337 1136 1364 1236 1454 1247 1145 1055 1185 1311 1093 1347 1271 1107 1334 1256 1293 1184 1263 1290 1519 1384 1213 1130 1453 1262 1346 1060
1379 1146 1444 1178 1132 1370 1298 1489 1414 1266 1152 1116 1245 1213 1115 1267 1351 1384 1152 1373 1235 1235 1248 1357 1299 1329 1253 1448 1062 1329 1248 1230 1267 1131 1191 1363 1475 1148 1503 1334 1579 1176 1350 1264 1227 1148 1095 1375 1398 1221 1319 1169 1106 1178 1276 1256 1442 1411 1263 1035 1437 1252 1400 1015
1505 1280 1504 1300 1226 1406 1385 1478 1447 1236 1196 1147 1301 1337 1199 1255 1509 1340 1258 1498 1256 1299 1368 1537 1382 1340 1179 1290 1206 1459 1401 1321 1284 1231 1343 1416 1703 1249 1327 1329 1597 1270 1306 1237 1186 1330 1256 1526 1342 1262 1385 1218 1341 1262 1429 1357 1509 1593 1390 1198 1603 1324 1371 1192
1265 1309 1409 1282 1101 1232 1265 1420 1339 1258 1259 1189 1151 1215 1153 1124 1467 1444 1182 1367 1095 1357 1260 1335 1328 1289 1254 1309 1052 1302 1255 1296 1241 1118 1289 1443 1467 1089 1280 1241 1560 1212 1278 1325 1078 1277 1204 1313 1281 1158 1432 1194 1258 1206 1387 1303 1469 1444 1251 1119 1421 1287 1271 1222
1194 1130 1205 1041 1098 1202 1147 1135 1102 1157 1010 954 1065 1164 1059 966 1132 1199 994 1139 989 1103 1093 1290 1072 1083 975 1252 954 1231 1108 1137 1249 1024 1066 1162 1321 993 1155 1086 1363 1270 1065 908 1049 1083 999 1159 1278 1112 1239 1168 1096 1209 1158 1118 1397 1208 1088 1129 1147 1093 1168 974
