0 63 64 42 42 0 28 40 87 32 4 56 0 40 114 26 2 45 0 24 0 0 0 0 0 5 0 74 28 40 72 0 0 46 25 0 42 0 0 57 0 0 0 0 8 0 5 21 0 0 0 49 0 0 0 150 63 96 0 0 0 0 0 0
0 0 0 0 0 45 0 0 0 0 4 0 0 1 0 71 0 0 6 0 61 0 0 0 0 0 54 0 0 0 0 0 0 0 0 6 0 9 7 0 0 54 0 0 0 8 11 50 0 0 20 0 0 1 0 7 46 0 0 0 0 0 0 0
0 0 4 0 0 0 35 5 0 43 63 0 7 42 46 0 35 0 0 49 0 0 0 16 42 22 8 0 42 0 27 0 0 49 80 0 0 10 0 0 42 0 0 0 0 54 0 0 8 0 0 4 4 0 0 0 10 54 0 0 16 20 3 0
36 0 0 0 0 0 103 40 48 0 103 0 7 42 49 30 0 66 9 73 64 0 12 0 4 0 0 12 0 56 48 0 0 49 84 0 0 0 0 0 0 4 20 5 0 15 53 0 16 0 0 49 0 9 0 42 7 66 9 0 0 0 5 9
0 0 8 0 117 0 4 5 6 0 5 0 0 0 8 22 54 36 72 0 46 0 40 0 21 4 118 16 21 0 0 0 6 0 3 0 0 5 0 0 39 48 0 0 0 16 61 0 16 0 0 8 8 0 0 0 0 9 0 0 0 0 48 0
0 0 58 72 74 0 25 0 0 0 0 89 30 61 35 10 32 85 0 48 0 0 0 0 0 0 72 0 0 40 16 0 0 0 25 0 0 0 56 0 0 0 26 0 0 16 5 0 24 0 0 35 0 120 30 30 40 0 0 0 40 72 32 70
81 0 0 0 45 81 0 50 0 0 3 0 0 81 0 79 0 0 168 0 45 45 72 0 64 0 0 0 24 42 63 0 74 24 129 0 48 0 21 0 0 0 0 63 0 24 9 81 0 0 36 56 46 3 0 48 72 0 30 56 0 0 64 0
91 0 0 0 0 0 0 9 56 1 0 0 0 0 0 0 0 0 0 48 0 0 24 0 0 0 0 24 0 0 0 0 0 0 63 0 0 0 0 0 1 0 49 0 0 0 3 0 32 0 0 2 0 0 0 0 0 56 0 0 9 0 0 0
70 0 0 0 54 0 10 0 64 35 18 0 2 66 0 0 0 0 36 14 0 30 48 8 7 0 0 0 27 27 54 5 0 14 171 0 0 0 0 24 7 0 0 42 0 47 0 0 10 0 0 0 20 48 35 18 0 78 32 0 16 0 0 30
0 0 10 0 9 0 0 0 0 0 4 0 0 5 0 64 17 54 24 48 3 0 0 0 0 5 20 40 0 0 0 0 1 72 56 0 0 0 28 80 3 3 0 0 0 52 0 0 20 0 0 10 10 4 0 36 0 5 0 0 0 0 8 0
0 0 72 15 0 0 30 0 0 56 3 21 0 0 42 66 0 54 18 9 0 0 27 0 0 0 0 0 0 48 45 8 0 0 78 0 0 0 39 0 0 0 0 0 0 84 6 0 16 0 0 42 0 3 56 57 0 0 0 0 0 0 2 0
40 0 18 81 0 0 0 72 0 64 0 3 0 8 0 0 6 51 0 0 0 0 0 2 0 0 90 6 5 0 0 8 0 0 48 0 7 0 63 0 17 0 72 0 0 56 24 0 16 0 0 16 5 0 56 0 45 0 8 0 76 81 36 0
63 0 42 9 0 45 20 25 50 0 31 0 0 0 0 45 0 51 36 0 65 6 0 0 0 40 9 5 0 0 117 0 68 20 30 0 0 0 49 0 0 0 0 30 0 102 30 99 0 0 20 0 0 6 0 42 45 15 0 0 30 9 31 0
9 0 72 6 0 0 0 0 12 7 0 40 48 8 4 42 0 6 9 0 9 0 18 4 0 29 0 3 0 0 0 0 12 12 0 7 0 0 12 0 0 0 18 0 0 6 0 0 0 0 0 0 0 0 48 0 9 0 0 0 22 0 0 48
15 0 0 0 0 0 0 27 0 3 0 0 0 0 0 0 0 0 0 0 0 0 0 0 0 0 0 0 0 0 0 0 0 0 0 0 0 0 0 0 3 0 27 0 0 0 9 0 0 0 0 6 0 0 0 0 0 0 0 0 27 0 0 0
10 0 10 45 0 0 0 18 24 2 0 85 0 56 0 0 32 25 0 48 0 0 0 0 0 0 45 0 0 0 0 0 0 0 0 0 0 0 35 0 2 0 58 0 0 0 6 18 24 0 0 7 0 56 0 0 25 0 3 0 58 45 20 0
24 16 0 0 2 0 0 4 0 0 27 0 0 9 0 8 0 18 36 0 0 3 0 0 32 4 0 0 12 0 18 12 52 12 53 54 0 0 2 0 0 0 0 15 0 18 72 88 0 0 0 28 20 0 0 0 54 0 0 30 0 0 29 0
0 0 0 8 74 16 0 0 0 0 0 9 0 0 0 96 0 0 72 0 72 24 0 72 79 0 0 64 91 0 0 0 16 27 9 59 42 0 0 49 63 0 16 0 0 63 8 0 0 24 0 14 0 0 0 72 72 18 0 0 64 0 0 3
9 64 72 9 22 0 0 2 0 55 0 15 18 12 40 54 23 15 33 0 3 5 35 28 0 51 0 0 0 0 7 48 1 0 75 0 0 4 26 0 3 3 6 22 0 31 90 64 0 0 0 0 0 0 18 3 25 0 27 8 28 8 8 18
0 0 4 0 18 0 0 0 0 0 0 0 0 0 0 0 18 52 25 0 6 0 0 0 0 2 8 0 0 0 63 0 2 0 0 0 0 0 0 0 6 6 0 0 0 22 0 0 8 25 0 4 4 0 30 0 0 0 0 0 0 0 23 0
45 82 48 18 5 18 0 37 18 33 0 0 0 0 72 94 30 48 36 78 10 0 15 0 32 10 0 108 12 0 0 30 28 93 130 0 0 6 5 84 0 0 25 0 6 24 47 58 20 0 8 28 20 0 0 0 22 42 0 33 0 12 20 0
16 49 112 28 28 0 72 91 85 28 0 27 0 72 63 84 54 54 98 0 63 0 21 0 0 0 81 110 40 104 14 0 24 24 72 49 127 0 30 0 81 56 14 0 7 56 3 0 0 0 0 0 64 56 0 3 63 113 40 0 0 0 32 35
56 0 0 18 0 0 8 10 68 21 10 88 30 5 0 4 0 0 0 27 16 0 0 0 21 0 0 0 21 0 81 3 63 0 21 0 0 0 0 0 21 0 10 0 21 21 10 0 6 0 0 63 0 0 72 0 0 12 28 0 0 0 0 30
0 56 64 24 36 0 0 61 24 39 0 72 0 63 72 22 72 24 9 54 32 35 0 4 28 0 30 64 13 0 0 1 56 3 12 0 0 5 0 0 12 42 53 0 8 7 20 0 29 25 20 7 15 63 7 0 0 56 16 7 53 0 37 0
15 45 0 0 36 0 0 4 0 0 0 9 0 54 0 54 18 50 136 0 81 37 0 0 4 0 27 18 24 0 0 0 9 0 20 63 57 0 0 42 27 0 25 0 0 54 4 0 0 25 4 12 0 0 24 96 81 30 0 0 0 0 0 0
30 0 8 1 0 0 5 55 0 9 9 4 1 6 6 6 7 0 0 9 0 0 11 0 28 0 0 0 28 0 0 6 0 9 16 0 0 2 2 0 34 0 54 0 0 8 18 0 0 0 4 12 0 7 0 0 2 14 0 0 54 4 0 0
48 7 8 3 0 0 32 65 87 46 40 6 6 0 27 16 18 48 81 12 64 41 45 24 20 45 126 26 0 0 36 6 93 18 98 2 0 0 0 111 0 0 53 30 1 88 60 54 12 83 20 0 0 0 42 0 0 31 0 24 0 0 18 20
86 28 24 13 54 56 6 24 9 62 17 0 0 3 27 12 0 0 7 54 12 0 27 0 0 10 18 51 0 0 0 0 0 0 0 18 0 3 0 0 1 18 54 0 3 0 69 15 36 42 56 2 0 0 0 0 18 21 0 0 37 0 0 0
0 4 0 0 0 0 0 1 36 0 0 0 0 0 4 77 5 0 9 0 0 0 0 0 8 56 0 25 3 0 0 0 7 64 6 0 0 0 0 20 0 0 0 0 0 21 28 12 0 35 0 7 5 0 0 0 36 0 0 7 0 0 5 0
0 0 0 8 0 0 12 0 0 0 16 45 54 9 0 0 0 18 0 18 0 0 0 0 0 20 0 0 0 0 0 0 0 0 21 0 0 0 0 18 0 0 18 0 0 0 0 0 0 0 0 0 0 0 54 0 0 0 0 0 0 0 0 54
21 63 0 0 0 0 0 0 0 0 3 64 0 56 0 0 32 0 67 48 0 42 0 0 0 0 0 0 0 9 0 0 0 0 28 0 0 0 21 8 0 0 16 0 0 24 0 0 24 0 0 0 0 59 0 21 0 0 0 0 40 0 0 0
0 0 0 0 0 0 25 5 0 0 0 40 0 35 35 20 20 45 45 30 0 0 0 0 40 0 0 0 15 40 0 0 35 15 55 0 0 0 0 0 0 0 10 0 0 0 5 0 15 0 0 70 25 35 0 30 0 0 0 35 25 0 25 0
0 0 0 6 0 0 0 27 0 18 0 40 18 3 36 0 42 0 12 11 0 0 8 0 0 0 0 0 0 21 27 6 9 2 30 0 24 12 0 0 0 0 6 0 0 48 0 0 0 0 4 0 3 7 18 0 12 0 15 0 0 24 12 18
0 0 0 0 0 0 40 0 0 0 72 0 8 48 1 30 0 0 54 56 45 0 5 0 0 0 9 2 0 0 0 0 0 56 56 35 0 0 0 0 0 0 10 0 0 30 0 0 0 0 0 0 0 0 0 0 45 48 0 0 0 0 0 0
0 99 9 10 67 6 0 4 0 0 0 0 0 0 0 42 0 42 8 42 0 31 0 63 18 18 0 56 20 9 36 54 23 64 112 0 30 24 9 85 0 0 7 0 12 8 93 72 21 5 4 10 0 0 0 62 0 0 0 9 42 0 4 0
0 0 0 0 0 0 20 0 0 0 39 0 4 25 0 36 0 0 54 28 54 0 0 0 0 0 0 0 0 0 0 0 0 28 28 48 0 0 0 0 0 0 12 0 0 36 6 5 0 0 0 0 0 0 0 0 60 24 0 0 0 0 0 0
0 46 38 14 0 4 10 24 12 23 0 0 0 0 36 0 0 0 0 0 0 9 0 0 8 0 0 32 5 6 3 1 9 0 6 0 0 0 2 0 0 11 7 0 4 7 4 0 16 5 4 0 7 9 7 0 0 28 0 0 0 0 0 9
15 0 0 0 0 0 35 28 0 6 63 0 7 42 6 0 7 0 0 49 0 0 0 0 0 0 0 0 0 0 63 0 0 49 54 0 0 2 0 0 3 0 27 0 0 22 9 0 0 0 0 6 0 0 0 0 2 42 0 0 27 4 7 0
0 2 0 0 12 0 0 0 18 0 27 0 0 7 2 0 0 24 108 0 0 0 0 14 0 0 0 0 43 0 0 0 0 8 0 42 12 0 42 14 0 0 0 40 0 88 90 41 0 0 0 4 35 6 0 58 116 0 128 0 28 0 0 0
110 0 0 0 30 0 10 6 32 18 18 3 2 66 36 0 42 90 81 14 0 33 48 35 0 0 0 0 0 0 60 0 60 23 113 1 0 20 0 0 0 0 0 57 16 71 0 57 0 53 0 36 35 0 66 18 12 12 16 0 0 24 9 1
0 0 18 0 54 0 108 0 0 0 81 26 38 109 5 0 12 12 45 63 0 0 25 20 0 9 99 22 71 42 0 0 0 63 63 0 68 0 14 93 18 49 8 0 0 36 0 0 36 35 0 36 67 0 24 128 0 89 0 20 0 0 0 24
0 0 0 0 0 0 6 0 0 0 0 0 0 0 0 54 0 0 81 0 81 0 0 0 73 0 0 0 49 0 18 0 0 0 7 63 0 0 0 0 49 24 18 0 0 54 0 0 0 0 0 0 0 54 0 0 81 14 0 0 0 0 0 54
0 0 0 0 0 0 0 0 0 0 0 0 0 0 0 16 2 0 0 0 0 0 0 0 49 0 0 10 49 0 0 0 0 18 7 0 0 64 0 8 49 0 0 0 32 0 0 0 0 0 0 0 0 0 0 0 0 14 0 0 0 0 0 0
57 63 21 7 0 14 10 45 32 5 18 26 2 60 0 20 36 84 3 66 0 7 16 0 0 32 54 36 0 0 0 12 36 42 70 0 42 0 0 48 59 0 45 0 12 12 34 0 49 20 8 46 0 14 12 3 0 12 16 0 45 0 0 0
40 0 72 9 0 0 0 0 0 0 0 0 0 0 0 54 0 48 0 18 0 5 27 0 0 0 0 0 0 0 39 0 40 0 46 0 0 0 18 18 0 0 0 25 0 32 0 45 0 0 0 0 0 0 0 0 0 0 0 0 0 0 16 0
39 0 56 0 38 0 72 0 28 14 6 0 0 18 0 64 8 14 48 0 0 10 16 0 0 56 0 47 40 102 28 2 28 100 30 0 0 0 58 80 0 56 0 14 0 76 0 0 4 0 0 0 56 62 14 48 0 0 0 0 42 0 0 35
50 0 0 0 18 0 12 15 122 0 15 3 0 0 4 6 18 12 36 0 30 0 20 12 0 0 36 8 30 0 0 0 38 9 81 1 0 0 0 0 6 6 0 0 12 5 15 0 0 8 0 36 30 0 12 0 0 81 64 0 24 0 16 1
50 36 52 4 0 8 0 0 44 35 0 40 48 8 6 0 12 16 1 18 0 5 9 0 0 70 30 14 0 0 42 5 28 28 47 0 0 72 0 42 0 0 43 5 36 49 1 9 50 0 0 0 0 0 83 1 0 0 0 0 30 0 7 60
0 9 51 7 6 2 83 89 74 0 116 28 9 54 25 54 16 18 51 77 56 22 89 0 12 40 67 6 4 58 0 42 45 77 89 0 54 0 12 63 0 0 37 0 0 0 49 0 7 15 40 16 6 49 0 20 0 75 30 0 0 0 24 16
18 5 0 6 46 40 15 0 0 56 27 24 3 76 12 36 30 42 17 33 0 28 16 129 12 15 45 78 8 0 14 0 12 48 53 3 47 0 0 26 45 0 0 14 0 15 0 54 0 54 40 4 63 0 0 34 0 18 0 0 68 0 0 3
81 0 24 0 40 0 0 14 12 0 0 18 0 120 0 0 36 42 56 0 0 40 64 0 0 24 54 39 0 14 119 0 18 12 72 0 58 0 0 0 54 0 0 56 0 14 0 0 0 0 0 0 2 0 0 24 0 0 10 0 18 0 15 0
0 0 0 0 0 0 0 0 0 0 0 3 0 0 0 0 0 0 8 0 0 0 0 0 0 0 0 0 0 0 0 0 0 73 0 1 0 0 0 0 0 0 0 0 0 5 8 0 0 8 0 0 0 0 0 8 0 0 0 0 0 0 0 1
72 4 0 18 12 0 33 0 68 0 43 0 0 0 4 0 0 30 47 0 0 5 0 0 24 45 0 0 0 0 54 0 76 56 25 0 0 0 49 0 0 24 0 25 12 92 5 57 0 0 0 36 0 85 12 54 36 0 16 0 0 0 15 69
0 0 0 16 0 0 36 1 8 3 0 56 0 0 8 0 11 0 0 24 0 0 0 0 0 10 10 0 20 24 72 0 0 0 9 0 0 2 8 14 0 28 4 0 0 8 0 0 0 0 0 0 28 0 0 0 2 0 0 0 0 4 0 4
0 0 0 0 90 0 8 10 12 0 34 24 0 72 3 4 111 90 31 0 37 0 15 0 0 0 99 54 0 0 0 0 7 32 0 48 56 0 0 0 93 21 0 0 0 0 86 40 0 0 0 0 0 0 0 4 48 6 0 0 0 0 56 0
99 5 0 0 8 8 0 27 46 10 6 96 0 63 4 0 36 54 1 54 0 9 0 6 0 0 0 0 15 0 58 0 72 88 45 8 0 0 0 0 3 0 45 57 0 98 9 93 27 70 8 6 15 79 0 0 36 0 24 0 88 0 27 28
4 141 21 7 9 62 0 0 16 63 8 0 0 25 12 43 0 0 87 0 27 7 0 12 0 73 0 0 0 0 0 54 0 48 81 21 0 0 65 0 0 0 6 0 0 97 107 72 49 61 48 0 0 8 0 102 27 41 0 9 36 0 0 0
54 7 0 0 0 56 0 61 45 49 27 0 5 0 3 0 0 0 62 0 0 21 15 20 12 0 27 6 0 49 0 0 48 0 0 0 56 0 0 30 0 0 21 54 0 0 12 0 0 92 68 0 7 0 0 0 0 0 35 20 28 0 28 45
0 0 0 0 0 0 0 0 0 0 0 9 0 45 0 0 0 0 0 0 0 0 0 0 0 0 0 0 0 0 0 0 0 27 0 3 0 0 0 0 0 0 0 0 0 15 0 0 0 24 0 0 0 0 0 72 0 45 0 0 0 0 0 3
27 0 0 0 0 0 0 0 0 0 0 0 0 0 0 0 0 0 0 18 0 0 9 0 0 0 0 9 0 0 0 0 0 0 0 0 0 0 0 0 0 0 15 0 0 0 0 0 12 0 0 0 0 0 0 0 0 0 0 0 0 0 0 0
0 4 18 0 0 0 14 16 36 42 10 24 9 27 28 20 12 21 69 25 0 28 0 56 52 71 36 0 0 0 27 0 36 23 7 0 0 0 7 48 0 36 34 35 0 91 74 12 45 96 16 18 18 103 0 7 85 6 63 32 39 0 0 81
40 0 0 0 20 0 0 6 0 0 0 0 0 30 0 12 0 84 54 54 0 5 0 14 48 0 0 0 18 0 40 0 82 18 124 0 0 0 0 54 0 0 0 25 0 40 0 57 0 0 0 42 44 40 0 48 0 30 0 42 0 0 45 25
25 0 0 0 0 0 6 45 0 5 0 24 0 0 0 0 0 0 0 0 0 0 0 0 24 0 0 0 0 0 18 0 0 72 0 8 0 0 0 0 5 24 45 0 0 40 15 0 0 64 0 10 0 54 0 0 0 0 0 0 45 0 0 62
27 82 12 54 0 8 40 0 0 7 72 0 8 48 0 28 0 30 64 56 28 54 0 0 0 0 96 0 0 0 0 0 0 56 92 0 0 7 42 0 0 42 0 0 0 0 0 0 0 6 8 0 0 0 0 0 30 48 0 0 4 54 24 0
