16 17 20 14 13 16 17 18 18 14 14 16 16 15 9 20 17 15 17 14 13 13 18 19 15 19 18 18 14 12 12 19 16 15 17 14 21 18 14 18 13 20 19 14 12 17 12 15 11 13 20 21 12 18 15 14 21 14 19 8 16 12 20 16
15 17 16 21 16 14 18 15 16 14 19 19 17 14 14 18 17 10 18 14 17 14 17 18 15 18 17 18 13 12 16 19 20 18 18 15 24 20 14 19 16 22 15 15 16 16 14 22 15 14 17 22 14 17 14 12 22 15 14 12 16 13 17 20
13 18 26 18 17 17 19 18 20 19 19 22 18 18 16 21 18 15 20 15 14 15 22 23 16 18 19 21 15 17 17 22 24 15 14 14 23 19 13 25 17 19 18 18 14 17 15 21 18 19 17 23 12 17 13 14 23 17 20 16 19 15 23 17
14 14 23 18 16 14 16 19 19 15 19 21 21 15 15 22 19 15 20 15 13 17 17 24 13 19 19 21 11 13 13 19 19 20 16 15 20 17 16 20 15 25 19 16 15 17 16 21 12 17 17 23 12 15 13 15 19 15 16 15 18 12 22 19
15 14 18 15 15 13 17 14 17 14 16 19 16 10 15 20 18 15 18 12 14 13 16 17 15 17 18 18 11 11 11 21 18 14 12 16 23 17 15 16 12 20 17 17 14 16 14 19 11 16 14 20 15 19 11 12 16 13 13 11 14 12 18 18
15 13 15 18 13 13 17 14 12 14 16 19 13 11 14 19 15 13 13 14 16 16 15 17 18 17 16 18 11 12 10 16 14 14 14 18 20 17 14 18 7 22 15 13 16 18 16 17 8 11 11 20 13 14 13 14 16 11 13 12 13 11 15 19
17 18 19 19 17 15 18 18 22 14 16 21 16 15 15 21 18 14 17 17 18 18 21 18 18 20 22 17 13 16 16 24 21 18 17 18 23 22 10 20 16 26 19 19 18 19 18 22 11 14 17 24 16 17 13 19 24 15 19 15 13 16 21 19
17 15 21 16 14 14 16 16 19 12 12 20 14 14 11 21 18 14 18 17 11 17 20 20 15 16 19 21 13 13 11 23 17 19 18 16 23 16 16 19 13 21 20 19 16 18 14 14 11 16 17 20 14 14 16 16 20 13 15 13 14 14 20 17
12 15 17 20 17 17 15 18 17 14 15 18 13 17 15 18 17 12 15 15 15 16 18 16 16 17 18 19 14 16 14 20 17 15 17 14 21 20 11 17 12 23 18 14 18 13 17 15 14 19 12 22 12 15 12 14 17 17 15 13 14 14 17 17
10 9 13 15 13 12 14 15 17 8 12 12 12 14 12 12 17 8 12 7 10 12 16 12 16 17 15 13 10 11 10 16 15 11 14 10 17 14 8 9 10 15 13 13 13 10 11 15 12 13 12 15 9 14 9 12 15 15 13 10 9 9 14 10
10 17 17 12 12 14 15 11 16 11 14 14 15 16 14 19 16 14 15 10 15 13 18 18 15 15 19 17 10 10 15 17 19 15 11 12 19 14 11 15 13 20 19 17 10 13 11 15 9 13 15 18 14 17 12 14 16 13 14 12 13 10 15 11
14 14 19 19 19 17 18 17 19 16 18 20 15 18 15 18 17 12 20 16 16 14 20 20 16 19 17 21 13 15 18 21 20 14 15 13 22 19 14 21 15 19 15 17 16 14 13 22 16 18 17 22 14 17 10 14 23 16 14 15 17 15 24 17
15 19 20 19 18 16 21 21 15 19 15 19 12 19 15 23 19 15 15 15 13 17 19 19 15 22 18 18 13 16 14 23 21 16 19 17 18 15 14 22 15 22 17 15 17 19 14 20 9 18 15 25 14 12 12 17 20 16 16 14 17 15 21 17
10 13 14 13 12 14 13 16 12 13 13 14 10 15 12 17 16 11 10 9 12 12 15 14 13 17 15 19 10 14 13 17 15 10 13 13 14 11 15 16 10 15 14 14 15 14 14 11 7 17 13 17 11 16 11 13 15 15 14 11 13 13 12 11
17 17 21 22 16 21 23 21 20 15 17 22 12 17 16 25 20 16 20 16 18 23 20 21 19 23 19 21 15 14 12 22 19 17 21 16 22 14 16 20 17 23 20 17 17 22 16 21 12 18 19 26 14 20 17 16 17 18 15 13 22 16 21 18
16 19 23 22 19 18 21 20 20 17 19 23 13 22 17 27 21 15 19 18 18 24 24 20 20 19 22 21 19 16 15 24 24 20 22 17 24 24 16 21 17 26 19 20 22 20 18 26 13 21 20 27 20 19 13 17 24 16 18 18 16 17 26 21
17 16 14 15 14 12 12 13 15 12 15 16 13 13 11 17 14 13 14 15 14 13 17 16 14 17 14 18 10 14 11 20 16 14 12 14 17 14 11 18 13 20 16 15 17 13 17 14 11 15 15 18 12 16 11 13 16 13 17 11 9 12 16 14
14 14 21 17 17 12 18 21 16 14 20 19 17 20 16 18 18 10 16 13 14 18 22 21 18 16 22 21 13 14 17 20 21 18 18 12 21 19 17 17 14 24 20 21 17 17 15 20 15 17 18 24 18 20 14 18 22 15 17 16 13 12 19 15
10 15 17 18 14 15 19 14 14 14 16 16 15 15 16 16 17 14 16 10 18 13 15 16 17 17 16 16 10 13 10 17 17 14 11 16 18 15 13 18 13 19 17 13 13 18 15 17 12 15 14 18 15 17 11 13 16 16 13 11 14 9 16 15
14 13 21 21 15 16 17 17 19 10 20 21 14 18 14 21 17 11 16 13 18 18 21 17 19 15 18 20 13 15 14 21 20 19 12 16 24 15 12 17 16 24 19 20 14 14 15 25 14 19 17 21 16 20 13 18 18 17 19 14 15 12 22 17
21 21 22 24 20 17 21 22 23 19 21 26 16 17 19 27 21 16 22 20 18 20 22 24 20 22 20 26 16 18 16 24 22 20 19 22 25 23 18 25 18 27 21 20 20 21 22 23 15 18 21 28 15 19 15 19 22 19 19 17 19 15 23 20
14 15 17 18 14 16 18 18 15 13 17 19 13 17 15 18 17 13 16 15 14 20 17 16 20 18 15 17 16 16 12 20 21 15 16 15 19 17 11 21 12 22 17 16 19 15 20 19 14 18 15 22 12 16 15 12 15 17 17 14 12 14 15 17
13 16 16 17 13 13 16 17 16 12 15 18 16 12 12 20 14 13 15 10 15 14 16 20 16 15 17 24 14 13 13 16 16 18 16 16 17 15 14 17 10 21 16 14 13 17 12 14 9 15 17 20 13 12 10 14 17 10 14 10 13 10 14 14
13 13 22 13 11 16 18 15 18 14 11 21 12 19 11 22 20 12 17 17 12 15 17 17 17 14 15 21 13 17 12 22 17 15 14 13 16 14 12 20 15 20 18 16 15 16 13 16 13 17 13 21 12 15 13 13 14 13 15 12 16 15 20 17
14 15 19 17 15 15 14 16 15 13 15 20 7 11 11 20 13 11 12 13 11 14 18 17 15 19 19 19 13 12 10 18 18 14 11 16 22 12 11 19 10 17 14 15 14 14 16 15 12 16 12 21 10 14 10 15 15 15 17 15 14 12 20 13
9 13 16 14 17 10 18 16 18 13 15 16 14 15 15 17 15 10 16 10 12 18 17 20 15 15 20 17 11 10 13 20 17 16 15 10 17 13 16 15 12 21 13 15 14 12 14 16 12 13 13 20 11 20 10 12 14 13 14 14 15 12 16 14
17 18 22 17 18 16 16 23 18 17 20 21 15 20 17 24 20 14 18 16 13 20 26 20 18 20 23 21 14 16 15 21 21 17 16 15 21 17 16 24 13 24 22 22 18 17 16 20 13 22 17 25 18 16 14 19 21 19 21 16 16 18 20 17
16 15 15 20 13 11 15 12 13 10 16 15 14 16 13 16 18 11 18 9 13 14 20 16 17 18 14 14 13 12 10 19 21 17 15 14 23 15 14 16 12 20 20 14 14 12 14 21 9 14 10 18 15 13 15 13 19 14 14 11 12 14 13 21
15 18 20 18 14 16 18 16 16 11 18 21 17 19 14 25 20 13 16 16 14 15 22 19 19 18 24 21 15 15 11 22 19 19 13 20 24 16 13 21 13 23 17 17 18 17 17 20 15 19 15 22 16 21 13 17 18 17 20 15 15 11 22 18
11 15 18 17 15 14 17 18 17 14 13 20 13 13 12 18 14 10 14 15 12 16 16 16 16 14 16 18 12 12 11 20 19 16 13 17 19 12 8 16 10 20 16 17 11 12 13 15 11 13 13 17 10 14 13 16 14 14 13 13 13 11 15 10
16 20 28 19 16 21 19 23 20 19 22 25 18 20 16 26 20 17 17 17 14 23 20 23 19 21 21 24 18 18 16 23 21 21 18 18 23 18 14 25 13 28 22 20 16 21 20 20 16 22 18 25 14 17 17 20 20 18 22 16 16 14 25 17
13 18 20 19 16 18 19 15 20 12 15 19 11 17 17 22 19 11 15 14 15 16 19 15 16 15 19 17 15 17 15 22 21 18 15 17 22 14 11 16 15 23 14 17 15 14 18 21 12 18 12 22 15 15 11 14 14 15 16 15 13 11 22 17
14 18 22 23 19 16 21 17 18 17 16 24 15 18 16 25 20 19 20 16 16 15 20 23 20 20 21 22 19 13 15 21 21 21 18 15 24 22 19 18 12 24 20 19 17 21 17 17 16 17 19 24 14 17 13 18 24 17 18 15 17 14 21 20
17 21 22 25 18 19 18 16 22 19 21 22 18 15 18 22 17 19 19 15 15 20 22 21 17 20 18 21 14 17 17 22 22 16 16 15 29 16 15 21 13 25 22 19 19 16 17 20 15 16 16 22 17 16 15 16 22 18 15 12 17 11 21 21
11 19 21 16 17 12 16 18 21 12 15 19 14 17 14 23 19 12 17 12 15 16 21 18 15 16 20 17 12 16 10 23 19 17 17 17 21 17 11 20 15 19 16 17 16 15 14 19 10 19 15 21 12 17 12 14 20 14 20 12 15 14 19 15
14 13 19 18 12 17 17 18 15 14 16 16 17 15 13 18 15 13 17 14 11 15 19 17 16 18 16 17 12 16 10 16 16 12 12 13 18 15 11 18 10 21 15 16 12 15 16 16 11 15 11 21 11 14 13 15 17 13 18 13 14 11 16 17
14 16 18 20 15 16 21 17 16 13 14 19 13 16 15 21 13 12 15 17 14 14 21 20 18 17 21 23 16 15 12 21 21 16 16 19 25 18 13 20 13 23 15 19 14 20 18 18 12 16 19 23 15 15 12 13 21 14 14 15 14 16 19 15
15 12 18 22 17 16 16 18 19 11 19 19 16 17 12 23 19 14 16 9 17 16 19 19 19 19 20 18 13 18 13 20 23 18 16 16 23 17 15 15 15 26 19 14 14 16 18 21 13 18 15 19 15 19 12 15 15 17 17 13 12 12 17 17
18 17 24 24 16 16 19 20 18 15 19 21 18 17 13 26 19 14 18 13 13 16 21 20 15 23 20 20 15 17 13 22 21 17 18 19 27 17 14 21 18 26 22 17 18 16 18 22 11 18 16 21 14 19 16 18 22 21 20 18 16 13 22 19
13 15 18 14 12 12 14 13 13 15 12 17 12 16 10 14 17 11 16 11 5 10 15 17 13 12 19 14 14 10 11 22 20 17 15 13 20 15 13 13 7 18 18 16 11 12 12 13 12 16 12 18 12 10 13 16 19 15 14 11 10 10 15 15
17 23 27 24 19 22 24 24 25 18 21 27 19 26 20 29 28 20 23 16 18 25 29 23 25 26 25 23 20 21 18 28 28 25 20 20 29 22 15 23 17 27 24 23 19 19 23 24 19 27 18 28 19 21 18 21 26 21 25 19 20 17 26 21
11 15 20 18 14 15 15 13 14 13 20 19 16 13 14 17 14 11 15 15 14 12 19 17 15 16 17 16 13 15 13 15 18 11 11 14 23 18 15 18 10 20 16 18 15 17 18 18 13 14 13 20 13 20 14 12 20 14 15 13 13 12 18 18
18 18 17 19 15 16 19 22 20 11 16 22 13 16 19 19 19 12 15 18 14 20 20 16 20 21 22 21 17 15 14 20 18 21 15 18 22 19 13 18 12 23 17 19 15 17 18 23 14 17 14 24 16 19 15 17 19 15 18 15 17 16 18 15
10 17 22 23 16 19 18 15 22 17 19 24 13 12 17 25 19 11 19 16 17 19 19 19 16 18 20 18 16 14 14 22 19 17 13 18 26 18 14 19 13 25 20 17 16 20 16 21 15 18 15 25 15 19 14 16 19 18 15 17 18 15 23 17
13 19 19 19 17 15 16 19 20 11 15 19 13 17 14 22 17 13 16 17 13 17 18 17 16 15 18 19 13 18 16 20 18 21 13 16 21 14 13 18 13 22 16 19 14 15 16 17 15 16 18 22 13 17 13 16 17 15 17 13 16 12 17 12
14 18 20 20 16 14 16 22 17 16 15 19 15 19 14 27 19 18 21 16 12 19 23 20 14 21 19 19 14 18 15 20 19 16 19 12 24 17 18 20 12 23 22 17 20 18 12 18 13 20 19 21 17 18 12 15 23 18 15 13 19 18 20 19
17 18 17 18 17 14 16 17 16 16 20 23 12 15 13 24 20 14 16 17 16 18 23 23 20 18 21 20 15 16 14 23 22 19 17 16 20 17 15 21 13 23 20 17 22 18 17 18 14 18 15 25 14 18 13 17 20 16 21 12 13 15 19 22
13 14 16 11 13 10 14 14 18 15 14 16 13 16 14 21 21 12 12 12 8 11 16 14 13 13 18 14 10 14 12 22 19 12 12 13 16 17 10 17 13 19 13 14 13 12 14 16 12 12 10 18 11 12 8 15 17 11 18 9 10 8 17 17
11 19 14 21 16 14 16 17 18 11 15 16 11 16 12 21 17 10 17 11 13 16 19 17 19 19 18 19 19 14 12 20 22 19 12 17 20 16 13 15 11 19 19 13 16 14 16 17 15 19 15 21 15 14 10 14 18 17 16 17 13 10 18 11
12 19 22 22 18 19 18 15 18 12 19 21 15 20 17 25 21 15 21 15 17 14 21 20 17 17 18 17 14 19 15 20 21 18 14 16 22 16 15 17 16 22 20 18 18 16 18 20 11 21 13 24 14 18 14 14 20 18 20 14 19 14 19 20
13 15 19 21 13 14 19 17 16 16 16 22 15 15 18 21 20 16 17 12 11 15 20 19 16 20 19 16 11 14 14 20 19 14 17 12 23 15 17 18 12 23 19 18 17 17 16 16 12 14 13 19 12 18 16 22 21 19 16 15 14 12 16 19
10 13 19 19 14 9 14 14 16 12 14 19 13 15 12 17 15 15 15 11 11 12 20 19 19 19 16 16 13 14 9 17 19 17 10 13 21 15 12 17 11 17 18 16 15 12 17 16 13 15 11 18 13 15 11 13 18 16 16 12 12 13 17 13
14 12 15 15 14 10 13 18 12 9 13 16 14 14 11 13 16 12 13 11 10 10 18 16 14 18 14 16 11 15 8 17 17 11 16 13 14 12 11 14 12 14 15 17 17 15 13 14 8 17 13 18 9 15 13 11 19 13 14 8 10 15 12 14
7 12 14 11 9 11 14 12 12 8 8 12 15 14 11 15 14 13 15 10 9 10 14 13 14 12 13 13 11 13 8 13 14 10 11 10 11 13 9 11 8 15 15 14 11 14 14 10 9 12 11 15 10 12 11 10 14 10 13 9 9 11 9 10
8 14 15 8 13 7 11 15 13 9 9 14 10 14 7 14 11 10 7 10 9 15 15 13 15 11 14 13 11 11 10 14 19 10 12 11 11 12 8 15 9 13 10 13 15 14 14 12 10 10 10 14 11 10 8 10 13 9 12 10 7 11 13 9
15 14 18 21 14 19 18 17 18 15 18 23 17 18 16 20 23 15 20 14 16 14 20 20 19 16 20 23 15 16 14 23 17 18 18 17 20 15 15 20 10 20 18 20 16 16 13 15 14 22 16 23 13 16 16 17 19 17 16 10 18 12 15 20
15 16 19 15 12 13 18 18 13 15 17 19 13 17 13 22 17 13 14 11 14 15 16 16 18 17 22 17 14 11 12 19 20 16 17 15 21 18 14 18 12 22 17 16 12 19 14 19 12 17 14 21 17 15 13 14 19 10 17 11 13 12 16 19
13 14 21 16 12 15 19 16 16 12 12 23 11 18 14 22 20 16 15 14 14 15 18 20 17 17 17 21 15 17 13 21 19 14 18 16 19 15 13 18 13 19 17 18 21 20 15 15 7 19 15 20 11 14 14 14 23 15 14 13 14 16 18 16
12 9 20 15 12 12 15 16 13 14 15 13 11 15 11 17 12 11 13 11 8 17 17 17 12 16 15 13 13 14 12 17 17 11 17 8 18 15 12 14 10 17 13 13 13 15 15 18 10 13 15 17 11 14 11 11 20 12 13 12 12 13 18 15
13 13 17 14 12 12 18 15 16 12 14 17 15 14 13 20 19 13 14 15 10 14 17 17 19 17 19 18 14 14 10 19 20 12 15 15 16 14 12 16 12 18 17 17 15 20 16 15 12 13 15 20 11 15 12 12 15 13 13 12 15 11 17 15
17 14 18 16 13 12 13 19 15 13 17 16 11 14 11 15 12 13 9 13 12 14 18 16 14 20 17 19 9 14 11 17 17 15 11 12 20 14 9 16 15 19 15 15 15 11 18 16 12 14 11 19 13 18 10 14 18 13 18 10 11 9 20 14
13 19 21 19 17 15 18 23 21 18 16 23 18 19 17 24 19 16 18 16 16 22 22 22 19 25 22 21 12 15 13 23 20 20 18 16 22 21 16 22 11 26 20 16 18 21 19 18 16 17 16 22 16 20 13 19 21 16 20 15 16 17 20 17
12 17 24 20 21 14 20 18 22 17 15 21 14 19 14 24 20 16 20 12 11 16 21 23 18 18 20 18 14 16 13 26 24 17 20 13 25 15 17 17 13 22 22 19 16 15 14 17 14 18 16 22 14 17 13 17 20 16 19 12 14 15 19 19
14 15 20 20 16 15 18 20 14 16 19 21 14 17 14 24 18 13 16 15 13 19 20 21 17 18 16 22 14 16 14 23 22 18 18 16 22 12 17 18 13 23 20 19 19 18 19 16 11 20 14 23 14 15 17 14 18 16 15 14 16 15 19 16
