0 0 0 3 51 72 0 11 0 0 10 7 0 0 0 18 40 0 32 0 0 40 8 0 20 0 36 15 0 31 0 0 64 0 0 0 7 0 72 15 40 0 25 0 40 0 0 0 18 0 64 35 0 25 85 35 16 0 0 23 27 5 0 0
0 24 0 26 48 0 0 0 0 0 6 2 0 72 0 24 48 0 0 0 0 0 0 0 0 0 0 0 0 9 0 3 5 0 0 0 0 0 2 0 0 0 0 0 8 0 3 7 0 0 0 0 36 0 0 0 21 0 0 0 0 0 0 0
0 0 0 56 0 0 0 0 0 0 0 40 64 0 8 0 35 40 28 0 0 35 0 0 0 64 0 24 0 0 0 0 104 0 0 0 0 0 0 0 0 0 0 0 0 0 0 0 0 56 56 0 0 0 35 55 62 0 0 72 0 0 0 0
0 0 28 0 63 20 0 0 0 0 0 0 0 0 0 0 0 0 0 0 0 0 0 0 0 0 0 45 0 0 0 0 0 0 0 0 0 0 0 0 0 0 36 0 0 0 0 18 12 0 0 25 0 0 0 0 32 0 0 0 0 0 0 0
14 0 0 18 0 0 0 24 0 0 27 0 0 0 3 0 0 9 0 30 0 0 0 28 45 0 12 0 9 0 0 63 18 0 9 0 12 54 0 0 35 45 0 0 0 0 0 42 72 21 21 0 9 18 0 88 48 0 0 9 0 55 0 0
6 0 62 12 12 25 0 54 0 0 85 0 0 0 0 0 0 27 0 0 0 42 0 12 16 6 36 6 27 0 0 0 0 42 18 0 36 6 0 0 47 18 45 6 0 0 0 0 15 0 63 20 27 74 36 3 54 0 0 16 0 39 0 0
0 0 63 27 30 18 0 27 0 0 27 5 35 0 30 56 40 9 32 61 30 40 40 0 0 0 57 63 27 14 0 0 64 25 40 0 12 0 0 0 0 0 0 0 0 0 20 63 0 0 85 10 9 18 40 8 81 0 0 0 0 24 0 0
0 0 0 4 24 0 37 0 0 0 6 18 0 0 6 0 3 0 0 8 6 42 0 0 50 0 0 10 0 0 48 56 0 42 8 0 0 48 0 0 27 64 0 0 0 0 4 4 64 10 0 2 0 0 4 72 8 12 0 0 6 32 0 2
57 3 0 0 0 0 0 40 0 0 0 0 51 6 42 14 30 0 0 30 0 0 0 9 0 0 0 8 0 0 56 0 40 0 0 27 93 24 70 30 0 0 30 12 0 0 31 0 9 94 21 0 0 0 0 21 0 0 9 0 0 0 0 0
0 0 0 63 24 0 0 36 0 35 0 45 90 0 0 40 0 45 0 0 0 56 0 0 32 101 0 27 0 0 40 0 0 56 0 54 0 0 0 14 64 24 0 0 0 0 0 0 0 0 0 0 0 75 112 54 0 0 0 131 0 0 0 0
0 0 0 0 0 48 0 0 0 0 0 0 0 0 0 0 0 0 0 0 0 0 0 0 0 0 24 0 0 0 0 0 0 0 0 0 0 0 48 0 0 0 0 0 0 0 0 0 12 0 0 0 0 0 0 18 0 0 0 0 18 0 0 0
24 0 63 0 0 77 0 24 0 0 0 56 0 0 0 8 0 0 4 0 0 0 64 0 0 0 16 0 0 0 34 0 0 0 0 0 56 0 36 0 0 0 81 0 0 0 0 0 35 0 0 36 0 0 0 12 72 0 0 0 12 0 0 0
49 0 0 0 24 0 0 0 0 64 0 4 6 0 24 64 0 7 0 4 38 28 37 0 1 32 37 0 0 49 121 12 27 20 32 0 30 0 24 8 49 0 21 3 12 7 16 0 0 0 0 0 0 56 67 0 24 0 47 72 18 0 0 2
0 0 0 58 5 0 0 0 0 84 15 23 42 0 0 0 0 49 0 30 3 16 0 0 7 0 7 0 0 71 0 21 35 0 0 0 0 0 14 0 0 0 32 21 56 49 23 49 0 0 0 0 28 0 21 0 40 0 28 12 31 0 0 0
9 0 71 34 0 25 41 88 0 85 36 0 52 0 46 32 0 35 0 29 0 0 0 0 5 2 5 36 0 20 24 0 0 0 85 113 0 18 0 0 0 36 63 15 81 35 45 0 60 0 0 91 0 0 19 18 40 12 78 6 9 0 81 65
36 0 0 35 12 32 2 0 0 10 18 15 24 0 0 12 0 15 0 0 0 0 0 0 16 24 16 9 0 0 60 0 0 0 15 16 0 0 32 0 32 0 0 0 0 0 0 0 8 0 0 18 0 20 36 36 0 0 18 34 12 0 27 21
1 9 12 16 0 12 3 8 0 0 0 0 20 27 0 12 38 0 0 20 0 0 10 0 28 0 0 0 0 0 18 0 6 0 0 9 8 2 6 20 0 4 34 14 9 0 8 0 0 36 0 0 12 8 0 0 16 6 2 0 1 10 14 4
0 0 30 86 28 36 2 36 1 10 18 12 22 14 0 12 0 0 2 0 0 0 0 0 0 9 14 15 4 54 84 38 104 0 4 74 45 0 48 9 0 0 0 0 75 0 26 48 9 0 0 31 24 0 0 6 8 6 63 0 27 0 14 18
5 9 28 2 54 59 0 16 8 24 0 0 41 0 0 27 45 8 4 40 0 37 0 0 0 0 60 27 0 12 0 9 8 7 12 0 0 0 56 56 0 0 40 0 24 0 0 0 14 72 8 32 4 3 5 58 18 0 5 0 21 0 0 0
0 0 0 0 0 0 0 0 0 0 0 5 0 0 0 1 0 0 1 9 0 0 0 16 0 0 0 0 7 3 2 0 3 0 18 0 3 0 7 0 0 9 0 0 3 0 0 0 7 3 0 6 0 0 0 4 2 0 12 0 0 0 18 14
41 0 123 66 25 0 0 0 0 0 23 45 0 63 0 44 0 0 9 10 25 20 0 0 0 0 63 12 0 55 8 9 0 0 18 18 0 0 0 12 35 0 35 0 32 0 38 0 0 0 0 73 0 0 0 27 56 21 0 0 15 4 49 54
40 42 54 16 6 39 0 60 0 0 0 0 9 78 0 0 0 0 6 25 12 0 20 0 22 8 46 99 1 0 40 78 41 74 53 12 40 33 28 0 16 15 0 0 0 0 28 0 0 20 0 30 0 34 18 38 56 0 44 8 0 0 0 44
0 0 117 112 91 0 54 2 8 0 14 54 12 63 0 32 6 0 9 10 0 0 0 0 0 0 63 61 0 8 6 9 16 18 43 18 0 0 0 0 54 12 0 0 72 30 0 24 72 0 0 50 0 0 0 37 95 0 30 0 0 0 45 137
5 5 81 58 49 3 0 49 7 7 0 49 42 0 0 80 0 0 0 0 10 0 56 0 0 11 0 123 0 18 28 9 14 7 0 42 49 0 0 8 0 0 0 0 63 0 0 0 63 0 0 0 0 10 8 0 0 0 5 9 0 0 0 42
25 25 9 13 0 15 20 8 0 0 0 0 5 0 12 7 0 0 7 71 0 0 0 56 2 2 0 37 49 27 9 45 0 35 6 0 0 2 0 0 0 0 0 2 21 0 0 0 49 2 0 42 0 15 8 0 14 24 25 3 0 0 0 4
0 0 18 52 0 0 0 0 0 0 6 20 32 0 0 18 0 20 0 0 0 56 0 0 0 32 0 21 0 15 0 0 0 56 0 0 0 0 15 9 0 24 45 35 24 0 12 0 0 0 0 21 0 20 0 24 0 9 0 24 0 28 21 0
0 0 0 21 3 0 3 24 0 64 48 0 0 0 0 0 62 0 28 15 0 63 0 0 40 0 0 9 63 14 18 0 74 0 15 24 0 3 0 0 8 9 56 0 0 0 0 0 0 0 56 27 0 5 44 19 77 0 0 25 49 0 0 0
0 0 0 0 42 0 0 0 0 0 0 3 0 0 18 0 0 0 0 0 18 0 24 0 57 0 27 0 0 0 0 35 0 15 29 0 0 30 0 0 64 25 0 0 0 0 12 0 40 0 0 0 0 40 72 45 12 0 0 32 0 20 0 0
0 0 0 0 0 96 0 26 0 0 9 0 56 0 0 0 12 3 0 64 0 0 0 0 16 0 16 4 103 0 0 0 28 0 0 0 40 0 52 0 0 0 0 0 0 0 8 0 6 20 7 40 3 6 0 9 0 0 0 0 9 52 0 0
0 9 0 0 0 18 0 84 18 0 72 40 2 0 0 0 45 42 36 0 0 117 0 64 0 0 32 0 26 0 16 0 114 0 64 0 56 0 56 36 0 72 0 0 54 0 0 0 0 24 128 72 24 48 45 9 54 0 0 0 0 32 0 0
0 7 45 106 56 0 6 0 8 50 54 0 15 0 32 40 27 0 0 4 0 0 0 0 36 28 0 45 63 10 50 0 34 63 32 48 0 0 0 0 0 0 0 0 72 0 28 0 108 0 0 82 0 0 0 0 0 0 0 0 0 0 0 48
1 0 63 0 0 54 3 36 0 78 0 0 63 0 0 0 0 21 0 12 0 0 0 0 3 12 75 45 6 27 0 0 54 0 32 51 0 2 0 7 0 4 2 9 9 21 25 0 0 0 0 0 9 0 9 83 0 0 28 0 1 0 9 7
0 0 27 0 6 64 0 46 0 0 54 15 25 0 8 3 0 18 0 0 0 0 0 0 0 11 56 8 18 0 0 6 58 3 18 0 42 10 93 0 0 0 30 41 8 5 29 0 16 66 42 0 18 59 0 24 56 0 15 24 30 49 0 0
0 1 0 0 0 0 0 4 2 0 0 0 0 0 54 0 0 2 0 0 0 8 0 0 0 0 0 0 0 0 0 0 0 0 0 0 27 0 18 4 0 0 0 0 6 0 0 0 0 0 0 8 0 0 0 0 4 0 0 0 0 0 0 0
18 3 0 12 0 0 0 58 6 28 12 52 0 0 0 0 0 6 28 20 0 40 32 36 0 0 0 6 0 8 14 24 30 0 0 0 82 16 70 12 45 0 32 0 50 0 12 28 0 30 0 24 0 12 0 9 100 0 20 12 52 9 0 0
25 25 9 59 56 15 25 0 0 0 0 35 61 21 15 0 0 35 1 10 0 0 0 21 0 56 7 96 0 0 0 46 0 35 2 2 0 0 21 0 0 0 42 49 0 0 35 16 21 0 49 13 0 43 10 94 4 30 25 42 0 35 0 11
42 0 0 4 10 0 0 0 0 28 18 18 0 0 0 0 0 0 12 4 18 61 0 0 0 0 0 0 0 50 6 0 0 21 0 0 0 0 12 0 42 9 50 0 0 0 4 0 0 0 0 0 0 0 0 0 44 0 0 12 34 0 0 0
7 12 0 0 0 56 0 18 0 25 27 35 35 36 84 0 24 9 0 5 2 4 40 56 12 7 40 0 9 7 140 0 57 0 96 0 54 0 119 0 7 63 3 0 0 0 70 0 59 47 21 35 25 18 0 21 76 0 22 6 21 12 0 16
0 0 42 24 21 0 0 0 3 141 21 0 42 0 0 0 0 49 0 28 18 28 0 0 7 0 55 93 0 32 36 0 6 0 18 0 0 0 0 0 0 0 56 21 27 49 0 0 27 0 0 0 6 0 21 54 63 0 28 21 49 0 0 18
0 0 54 103 0 0 0 0 0 0 18 35 74 0 0 48 0 35 28 0 0 0 0 0 0 56 0 75 0 12 14 0 0 0 0 0 0 0 28 0 0 0 0 0 0 0 0 0 0 0 0 0 0 0 0 42 63 0 0 42 0 0 0 0
25 25 0 17 15 15 1 0 0 5 9 0 5 0 0 0 0 0 0 0 0 0 0 0 20 0 0 35 0 0 6 45 0 35 0 8 0 0 0 0 40 0 0 0 0 0 0 0 0 0 0 9 0 40 45 0 0 0 25 20 0 0 0 0
6 0 0 24 0 0 36 57 0 0 0 27 45 10 4 0 47 0 0 45 0 0 24 15 0 0 0 0 0 27 2 9 39 0 0 54 21 12 6 45 18 28 57 0 78 0 34 21 15 109 35 0 12 0 0 35 24 0 0 12 6 0 0 0
0 0 6 17 0 27 0 45 0 0 0 64 3 0 0 6 0 0 0 15 0 56 32 0 0 0 0 6 3 0 0 36 57 56 0 0 82 24 42 0 0 24 0 0 48 0 16 21 0 30 0 0 0 18 0 0 63 3 30 0 36 0 7 0
22 15 108 6 0 63 0 0 0 126 0 25 33 35 64 0 0 28 5 24 6 25 0 40 4 0 111 80 6 34 18 32 69 42 141 10 15 0 35 0 7 54 3 12 0 28 56 0 72 15 0 81 9 9 12 96 20 0 31 0 0 0 0 30
0 0 0 42 0 54 81 4 0 0 10 42 6 0 0 0 39 0 24 20 0 30 0 0 10 0 0 0 6 0 126 60 138 0 0 0 45 28 36 0 81 18 0 0 74 0 0 28 0 10 48 0 0 21 30 6 123 0 98 0 69 0 0 0
5 0 42 90 42 30 15 40 6 0 0 35 48 0 24 0 0 30 0 0 0 42 0 8 0 48 0 18 0 0 58 14 43 42 8 45 50 10 64 0 0 47 106 49 113 0 0 0 72 3 0 24 0 28 0 36 48 0 49 36 26 35 0 36
0 0 0 0 58 27 0 20 0 0 0 5 10 0 30 4 0 0 4 36 30 7 40 32 63 5 45 20 28 12 0 0 0 32 40 30 18 0 0 5 0 3 0 0 12 0 20 8 28 0 0 28 0 0 0 0 28 0 0 0 0 0 0 0
54 0 63 0 0 16 0 0 0 0 0 0 0 0 48 18 0 0 0 0 0 0 0 0 20 14 8 14 0 0 72 28 0 0 46 0 24 38 32 0 0 20 0 14 0 0 0 0 36 0 0 0 0 0 0 42 0 0 0 0 6 16 0 0
0 0 0 0 0 0 0 24 0 0 36 0 0 0 0 0 0 12 0 0 0 0 0 0 0 0 16 0 12 0 0 0 0 0 0 0 16 0 0 0 0 0 0 0 0 0 0 0 0 0 28 0 12 24 0 0 0 0 0 0 0 16 0 0
18 0 0 9 0 0 0 51 0 0 0 135 0 0 0 6 18 0 0 0 0 28 72 0 24 0 0 0 42 18 24 0 12 52 0 0 63 0 0 0 0 12 0 0 0 40 0 0 0 0 0 0 0 0 0 0 0 0 0 9 0 0 0 0
62 0 0 6 15 48 54 28 0 40 9 27 49 0 42 0 21 35 0 26 25 32 0 12 32 7 5 0 40 56 6 0 55 0 0 42 23 0 14 7 125 12 24 15 0 35 6 0 0 0 0 0 0 0 15 3 12 0 20 0 9 3 0 0
8 0 0 32 7 0 0 56 1 0 0 6 0 0 0 0 0 0 0 35 0 0 0 16 15 0 0 21 0 27 0 30 17 0 38 0 0 25 6 0 20 36 0 0 33 0 9 21 33 0 0 0 12 0 0 59 0 0 0 0 0 16 0 6
35 8 0 0 0 21 0 0 0 29 2 0 107 0 8 0 0 21 4 13 0 0 5 0 52 12 3 3 0 5 13 0 3 9 8 63 14 56 4 3 0 0 5 37 8 21 47 0 9 0 0 14 0 0 9 0 8 0 50 0 0 1 0 2
0 0 54 72 24 0 0 0 0 35 0 0 0 0 0 94 0 0 0 0 0 0 0 0 32 20 0 0 0 0 40 0 0 0 0 0 0 0 0 5 64 0 0 0 0 0 36 0 0 0 0 0 0 75 112 0 0 27 0 77 0 0 63 0
0 0 54 0 0 0 0 0 0 0 0 45 0 36 24 0 0 0 0 0 22 0 0 0 10 12 4 71 0 0 20 14 0 15 99 0 12 52 8 0 0 10 0 12 0 25 20 0 16 0 0 0 0 0 0 36 0 0 54 0 0 8 81 63
0 0 12 30 7 0 42 0 0 10 18 42 0 0 24 12 0 0 0 16 0 0 0 0 0 0 0 5 0 0 12 42 0 0 0 16 0 28 0 0 0 0 0 0 56 0 8 2 0 0 0 19 0 21 16 0 56 54 35 0 42 0 14 8
25 5 49 60 21 120 0 0 3 64 12 22 72 0 30 0 0 20 0 0 0 16 0 0 14 32 80 42 5 35 0 3 56 0 18 45 19 40 76 0 0 0 41 20 35 0 3 7 46 0 0 4 10 0 0 102 44 0 15 36 52 0 0 18
0 0 0 48 28 64 0 6 0 0 0 118 0 0 0 0 35 0 28 0 0 35 16 32 0 0 32 20 0 54 8 18 98 24 32 0 26 0 104 0 0 36 0 0 48 40 18 50 16 12 56 4 24 0 35 31 14 0 0 0 24 0 0 0
25 25 0 22 48 15 0 4 0 0 4 8 5 0 48 9 0 0 9 101 50 0 64 72 0 0 72 48 63 37 28 51 12 75 64 0 15 0 39 6 0 0 64 63 49 0 32 28 63 0 0 68 0 51 0 0 70 0 46 0 9 47 0 0
7 0 18 24 0 0 21 56 0 56 0 9 42 18 3 18 0 49 0 28 12 0 0 0 32 0 9 33 0 0 12 35 18 3 13 63 0 58 21 0 0 53 56 70 63 54 22 0 40 21 0 0 0 28 21 45 18 9 28 9 7 55 21 0
0 12 0 8 7 0 0 0 1 10 0 0 0 36 16 0 24 0 0 2 0 0 0 0 0 0 0 0 0 0 0 0 2 0 16 0 0 0 0 0 0 0 0 0 9 0 14 0 27 0 0 14 16 0 0 0 0 0 0 0 0 0 0 6
0 0 0 0 3 0 0 0 0 0 10 0 0 0 0 0 0 0 0 0 0 0 0 0 4 0 0 15 0 25 0 0 0 0 0 0 0 0 0 15 8 0 25 0 40 0 0 0 0 0 0 35 0 5 9 0 0 0 0 4 0 5 0 0
45 9 7 0 24 14 0 10 0 0 0 0 70 0 0 12 0 0 0 8 0 0 0 0 0 0 0 2 9 0 0 0 10 0 0 81 18 72 14 0 0 0 9 36 0 0 4 0 3 10 0 9 0 0 0 0 8 0 27 0 0 6 0 0
0 0 0 49 30 0 7 0 0 35 63 0 45 0 0 15 55 0 8 45 0 10 40 0 0 0 0 0 0 0 114 0 40 0 0 56 0 0 0 45 0 0 45 0 0 0 0 0 0 81 16 63 0 0 10 2 68 0 8 0 0 0 0 16
