2 5 1 4 1 8 3 8 7 2 5 4 1 4 0 8
0 0 5 8 5 2 2 5 4 1 0 1 6 6 7 5
8 9 2 9 2 3 9 0 5 9 9 9 8 5 3 5
3 4 7 7 1 6 5 6 0 1 3 9 1 4 0 2
0 9 7 0 0 9 8 0 4 7 1 5 5 8 8 3
1 4 5 2 3 1 6 3 1 5 7 3 9 0 4 7
7 9 6 6 3 4 7 0 4 0 4 7 3 8 8 6
1 5 4 6 6 6 8 8 3 7 3 2 8 0 0 1
2 5 4 7 3 8 6 3 8 0 2 5 1 3 1 8
2 4 1 5 1 3 6 0 2 8 8 1 5 5 9 9
7 3 9 5 1 8 5 7 1 1 6 2 8 0 0 5
8 0 6 9 7 3 3 6 9 4 8 3 7 4 2 4
6 4 4 9 1 4 6 8 0 4 4 3 4 5 5 4
0 6 7 2 2 1 6 6 3 9 0 5 3 5 0 5
4 7 8 1 1 9 2 9 5 4 0 7 1 1 2 4
5 8 6 8 8 4 8 9 4 9 7 8 9 9 0 1
